1 0.028426
1 0.028150
1 0.030407
1 0.030410
1 0.030200
1 0.029650
1 0.023444
1 0.023377
1 0.023292
1 0.023442
1 0.026260
1 0.029876
1 0.030230
1 0.030365
1 0.030102
1 0.030355
1 0.030234
1 0.030252
1 0.029981
1 0.030110
1 0.029802
1 0.026509
1 0.030077
1 0.028549
1 0.023308
1 0.023290
1 0.024032
1 0.030250
1 0.030333
1 0.030541
1 0.029768
1 0.030117
1 0.030505
1 0.029719
1 0.030260
1 0.027760
1 0.029945
1 0.029755
1 0.029756
1 0.024601
1 0.051702
1 0.050476
1 0.052895
1 0.040740
1 0.053110
1 0.054093
1 0.061898
1 0.053748
1 0.066907
1 0.037380
1 0.029951
1 0.030288
1 0.029929
1 0.023345
1 0.023262
1 0.025519
1 0.030528
1 0.025477
1 0.023453
1 0.023283
1 0.023801
1 0.030352
1 0.028925
1 0.023407
1 0.023365
1 0.023412
1 0.023328
1 0.023347
1 0.023322
1 0.023459
1 0.023327
1 0.023325
1 0.023411
1 0.024551
1 0.029969
1 0.029538
1 0.025113
1 0.029981
1 0.029603
1 0.028944
1 0.028617
1 0.026328
1 0.028547
1 0.030253
1 0.030256
1 0.030584
1 0.030130
1 0.029664
1 0.030056
1 0.029992
1 0.030763
1 0.030206
1 0.030160
1 0.030134
1 0.030290
1 0.030464
1 0.030428
1 0.030600
1 0.030200
1 0.024366
1 0.028180
1 0.029978
1 0.030575
1 0.030214
1 0.030231
1 0.030148
1 0.029580
1 0.030124
1 0.030159
1 0.030106
1 0.030129
1 0.030082
1 0.029736
1 0.030050
1 0.028682
1 0.031013
1 0.030891
1 0.030714
1 0.031283
1 0.027726
1 0.030283
1 0.030536
1 0.029562
1 0.029842
1 0.030153
1 0.023378
1 0.023325
1 0.023339
1 0.028616
1 0.030222
1 0.029876
1 0.030339
1 0.030329
1 0.029964
1 0.028676
1 0.029948
1 0.029747
1 0.030206
1 0.029838
1 0.030236
1 0.026576
1 0.029876
1 0.029855
1 0.030068
1 0.029970
1 0.030049
1 0.030471
1 0.030372
1 0.029329
1 0.029514
1 0.029903
1 0.029460
1 0.029900
1 0.030181
1 0.029494
1 0.029905
1 0.029840
1 0.028421
1 0.029947
1 0.029689
1 0.029285
1 0.029924
1 0.030245
1 0.030360
1 0.029789
1 0.029135
1 0.030080
1 0.029798
1 0.029948
1 0.030045
1 0.030068
1 0.030096
1 0.030023
1 0.028359
1 0.026031
1 0.029663
1 0.030022
1 0.030186
1 0.029945
1 0.029955
1 0.029093
1 0.030405
1 0.028446
1 0.029718
1 0.030102
1 0.029931
1 0.030068
1 0.029875
1 0.030778
1 0.029791
1 0.027871
1 0.029734
1 0.029461
1 0.030304
1 0.029919
1 0.030473
1 0.029657
1 0.030078
1 0.030280
1 0.024200
1 0.029614
1 0.029594
1 0.030131
1 0.030006
1 0.030237
1 0.030319
1 0.030388
1 0.027340
1 0.029975
1 0.029881
1 0.030340
1 0.029962
1 0.030223
1 0.029874
1 0.030150
1 0.029626
1 0.027894
1 0.029610
1 0.029860
1 0.028289
1 0.030152
1 0.029396
1 0.029627
1 0.029931
1 0.024755
1 0.029954
1 0.030060
1 0.029783
1 0.030233
1 0.029986
1 0.030106
1 0.030145
1 0.028256
1 0.029869
1 0.029927
1 0.029773
1 0.030234
1 0.029689
1 0.029927
1 0.029760
1 0.029962
1 0.027144
1 0.029857
1 0.029860
1 0.029884
1 0.030134
1 0.030004
1 0.029679
1 0.030152
1 0.027591
1 0.030209
1 0.029874
1 0.029810
1 0.029921
1 0.029758
1 0.029958
1 0.029839
1 0.028113
1 0.023251
1 0.023311
1 0.023263
1 0.023259
1 0.023257
1 0.023428
1 0.023259
1 0.023261
1 0.023217
1 0.023315
1 0.025090
1 0.030136
1 0.029861
1 0.029786
1 0.037742
1 0.029841
1 0.029930
1 0.030112
1 0.028654
1 0.030023
1 0.031767
1 0.034668
1 0.030063
1 0.030170
1 0.036116
1 0.029343
1 0.028892
1 0.030239
1 0.029969
1 0.034311
1 0.028640
1 0.030100
1 0.037464
1 0.030090
1 0.029842
1 0.029989
1 0.029722
1 0.029888
1 0.037652
1 0.030187
1 0.030079
1 0.030128
1 0.025260
1 0.023432
1 0.023257
1 0.031035
1 0.023322
1 0.023359
1 0.023241
1 0.023304
1 0.023262
1 0.023296
1 0.023237
1 0.037323
1 0.029727
1 0.030171
1 0.029961
1 0.030087
1 0.029782
1 0.037259
1 0.027349
1 0.023274
1 0.023325
1 0.023247
1 0.023301
1 0.029645
1 0.023541
1 0.029824
1 0.029670
1 0.029825
1 0.034406
1 0.030348
1 0.030195
1 0.030256
1 0.029827
1 0.030114
1 0.034728
1 0.030737
1 0.030051
1 0.033238
1 0.029738
1 0.030339
2 0.578710
2 0.771652
2 0.073695
2 0.030023
2 0.025765
2 0.030099
2 0.030080
2 0.030375
2 0.029727
2 0.029897
2 0.328246
2 0.662497
2 0.705765
2 0.737851
2 0.706089
2 0.711548
2 0.656074
2 0.807865
2 0.624488
2 0.719844
2 0.544628
2 0.721973
0 0.030593
0 0.031907
0 0.030002
0 0.032844
0 0.030161
0 0.031428
0 0.023346
0 0.023428
0 0.023273
0 0.025698
0 0.029949
0 0.032392
0 0.029886
0 0.032342
0 0.030287
0 0.033099
0 0.030100
0 0.032528
0 0.029873
0 0.036530
0 0.027373
0 0.029940
0 0.027621
0 0.025906
0 0.023421
0 0.025611
0 0.032822
0 0.029996
0 0.033369
0 0.029773
0 0.032629
0 0.030169
0 0.031798
0 0.044042
0 0.030201
0 0.029763
0 0.037770
0 0.054270
0 0.052595
0 0.054825
0 0.057054
0 0.042467
0 0.057966
0 0.054494
0 0.063415
0 0.056913
0 0.048988
0 0.029851
0 0.030038
0 0.028438
0 0.028677
0 0.025088
0 0.028914
0 0.029112
0 0.023264
0 0.026014
0 0.023603
0 0.030753
0 0.030175
0 0.026631
0 0.023299
0 0.023377
0 0.028609
0 0.023275
0 0.023274
0 0.023485
0 0.023277
0 0.025983
0 0.023533
0 0.028505
0 0.029870
0 0.029988
0 0.027504
0 0.034964
0 0.030760
0 0.040256
0 0.029150
0 0.028751
0 0.029796
0 0.032826
0 0.033794
0 0.029982
0 0.031375
0 0.032154
0 0.029941
0 0.030429
0 0.036906
0 0.029879
0 0.030175
0 0.030257
0 0.030561
0 0.035250
0 0.030281
0 0.028051
0 0.027381
0 0.034597
0 0.030568
0 0.029956
0 0.029839
0 0.032635
0 0.029394
0 0.032433
0 0.030298
0 0.034054
0 0.030151
0 0.029949
0 0.033566
0 0.028446
0 0.030031
0 0.031507
0 0.035629
0 0.030490
0 0.031599
0 0.028658
0 0.035385
0 0.031026
0 0.029888
0 0.029858
0 0.029302
0 0.023260
0 0.023383
0 0.028006
0 0.032547
0 0.029762
0 0.031474
0 0.032684
0 0.030078
0 0.032147
0 0.029909
0 0.029826
0 0.034337
0 0.029746
0 0.031600
0 0.031142
0 0.030245
0 0.030040
0 0.030150
0 0.036897
0 0.030651
0 0.030421
0 0.029872
0 0.029130
0 0.034094
0 0.029504
0 0.029914
0 0.032908
0 0.029928
0 0.034141
0 0.029586
0 0.028915
0 0.032502
0 0.029528
0 0.036500
0 0.030430
0 0.029895
0 0.034741
0 0.029052
0 0.030010
0 0.030035
0 0.033730
0 0.029999
0 0.030367
0 0.031420
0 0.035116
0 0.027793
0 0.026510
0 0.029823
0 0.038337
0 0.030052
0 0.030042
0 0.029664
0 0.032174
0 0.028630
0 0.034392
0 0.030124
0 0.030087
0 0.030159
0 0.035387
0 0.029931
0 0.029837
0 0.033430
0 0.029944
0 0.029790
0 0.030285
0 0.037848
0 0.029841
0 0.029703
0 0.030339
0 0.029560
0 0.024714
0 0.036268
0 0.030143
0 0.029929
0 0.030024
0 0.035673
0 0.030097
0 0.028192
0 0.029141
0 0.032707
0 0.030079
0 0.034859
0 0.030363
0 0.029909
0 0.038162
0 0.029070
0 0.028521
0 0.029823
0 0.028902
0 0.029433
0 0.030059
0 0.037940
0 0.029934
0 0.028287
0 0.026023
0 0.034087
0 0.029899
0 0.030132
0 0.034298
0 0.030000
0 0.029981
0 0.033476
0 0.029715
0 0.029792
0 0.030048
0 0.034462
0 0.029681
0 0.029907
0 0.036830
0 0.028242
0 0.030837
0 0.029904
0 0.030019
0 0.029667
0 0.033165
0 0.029984
0 0.036621
0 0.029063
0 0.028751
0 0.030213
0 0.030042
0 0.037636
0 0.029954
0 0.029852
0 0.031276
0 0.028354
0 0.023325
0 0.031020
0 0.023257
0 0.023304
0 0.024365
0 0.023824
0 0.023311
0 0.023317
0 0.023212
0 0.028462
0 0.028968
0 0.030036
0 0.029693
0 0.030308
0 0.030086
0 0.030050
0 0.029873
0 0.029741
0 0.028714
0 0.030240
0 0.030268
0 0.030119
0 0.030302
0 0.030302
0 0.030013
0 0.030481
0 0.030425
0 0.030413
0 0.030057
0 0.030014
0 0.028604
0 0.030236
0 0.029845
0 0.029977
0 0.030077
0 0.030118
0 0.029693
0 0.029973
0 0.030135
0 0.030080
0 0.030040
0 0.030316
0 0.029301
0 0.023214
0 0.023642
0 0.023260
0 0.024068
0 0.024344
0 0.023395
0 0.023240
0 0.023217
0 0.023335
0 0.023210
0 0.023215
0 0.028169
0 0.030017
0 0.030040
0 0.030011
0 0.030248
0 0.029931
0 0.029926
0 0.029693
0 0.023408
0 0.023389
0 0.023207
0 0.023352
0 0.023276
0 0.023213
0 0.025477
0 0.029643
0 0.032152
0 0.028650
0 0.027682
0 0.030365
0 0.030515
0 0.030195
0 0.030024
0 0.030254
0 0.031265
0 0.031196
0 0.033555
0 0.030115
0 0.030017
0 0.030658
