0 0.023292
0 0.023386
0 0.023410
0 0.023441
0 0.023450
0 0.023453
0 0.023454
0 0.023461
0 0.023476
0 0.023482
0 0.023484
0 0.023486
0 0.023494
0 0.023503
0 0.023517
0 0.023520
0 0.023522
0 0.023523
0 0.023529
0 0.023558
0 0.023562
0 0.023563
0 0.023566
0 0.023575
0 0.023598
0 0.023601
0 0.023603
0 0.023643
0 0.023644
0 0.023658
0 0.023659
0 0.023697
0 0.023719
0 0.023720
0 0.023815
0 0.023923
0 0.023997
0 0.024210
0 0.024227
0 0.024496
0 0.024515
0 0.024576
0 0.024711
0 0.024718
0 0.024758
0 0.024962
0 0.025066
0 0.025191
0 0.025462
0 0.025483
0 0.025590
0 0.025648
0 0.025716
0 0.025755
0 0.025770
0 0.025792
0 0.025946
0 0.026159
0 0.026210
0 0.026214
0 0.026261
0 0.026543
0 0.026696
0 0.026750
0 0.026928
0 0.026994
0 0.026997
0 0.027050
0 0.027150
0 0.027173
0 0.027200
0 0.027214
0 0.027236
0 0.027258
0 0.027299
0 0.027299
0 0.027309
0 0.027337
0 0.027357
0 0.027391
0 0.027391
0 0.027396
0 0.027397
0 0.027434
0 0.027439
0 0.027440
0 0.027459
0 0.027463
0 0.027476
0 0.027477
0 0.027480
0 0.027481
0 0.027490
0 0.027492
0 0.027517
0 0.027517
0 0.027519
0 0.027527
0 0.027534
0 0.027537
0 0.027539
0 0.027551
0 0.027555
0 0.027564
0 0.027583
0 0.027594
0 0.027607
0 0.027610
0 0.027620
0 0.027625
0 0.027627
0 0.027627
0 0.027638
0 0.027642
0 0.027655
0 0.027659
0 0.027667
0 0.027673
0 0.027689
0 0.027700
0 0.027700
0 0.027706
0 0.027707
0 0.027712
0 0.027726
0 0.027726
0 0.027735
0 0.027740
0 0.027745
0 0.027756
0 0.027762
0 0.027771
0 0.027787
0 0.027811
0 0.027815
0 0.027819
0 0.027836
0 0.027853
0 0.027871
0 0.027907
0 0.027911
0 0.027938
0 0.027971
0 0.027980
0 0.027996
0 0.028028
0 0.028043
0 0.028060
0 0.028084
0 0.028084
0 0.028088
0 0.028114
0 0.028116
0 0.028169
0 0.028178
0 0.028185
0 0.028191
0 0.028222
0 0.028245
0 0.028299
0 0.028357
0 0.028360
0 0.028369
0 0.028372
0 0.028402
0 0.028408
0 0.028428
0 0.028441
0 0.028452
0 0.028455
0 0.028484
0 0.028503
0 0.028536
0 0.028540
0 0.028568
0 0.028583
0 0.028589
0 0.028596
0 0.028600
0 0.028600
0 0.028604
0 0.028624
0 0.028673
0 0.028711
0 0.028803
0 0.028810
0 0.028812
0 0.028846
0 0.028868
0 0.028899
0 0.028900
0 0.028908
0 0.028914
0 0.028926
0 0.028943
0 0.028949
0 0.029034
0 0.029093
0 0.029116
0 0.029163
0 0.029172
0 0.029191
0 0.029218
0 0.029219
0 0.029283
0 0.029297
0 0.029386
0 0.029557
0 0.029666
0 0.029746
0 0.029861
0 0.029922
0 0.029946
0 0.030038
0 0.030089
0 0.030190
0 0.030346
0 0.030440
0 0.030482
0 0.030525
0 0.030574
0 0.030681
0 0.030775
0 0.030781
0 0.030783
0 0.030800
0 0.030806
0 0.030842
0 0.030859
0 0.030859
0 0.030889
0 0.030911
0 0.030916
0 0.030918
0 0.030931
0 0.030945
0 0.030968
0 0.030968
0 0.030995
0 0.031002
0 0.031008
0 0.031064
0 0.031106
0 0.031281
0 0.031361
0 0.031397
0 0.031449
0 0.031455
0 0.031589
0 0.031599
0 0.031621
0 0.031668
0 0.031688
0 0.031696
0 0.031743
0 0.031748
0 0.031781
0 0.031785
0 0.031795
0 0.031795
0 0.031868
0 0.031874
0 0.031880
0 0.031896
0 0.031919
0 0.031920
0 0.031940
0 0.031946
0 0.031947
0 0.031955
0 0.031960
0 0.031965
0 0.031994
0 0.031997
0 0.032010
0 0.032023
0 0.032036
0 0.032048
0 0.032079
0 0.032102
0 0.032148
0 0.032176
0 0.032248
0 0.032270
0 0.032298
0 0.032388
0 0.032431
0 0.032460
0 0.032559
0 0.032680
0 0.032721
0 0.032741
0 0.032826
0 0.032956
0 0.033022
0 0.033297
0 0.033335
0 0.033374
0 0.033411
0 0.033501
0 0.033503
0 0.033640
0 0.033665
0 0.034269
0 0.034446
0 0.034873
0 0.035185
0 0.035370
0 0.035724
0 0.035766
0 0.035792
0 0.036164
0 0.036277
0 0.036344
0 0.036350
0 0.036405
0 0.036698
0 0.036803
0 0.036970
0 0.037229
0 0.037351
0 0.037387
0 0.037427
0 0.037434
0 0.037935
0 0.037998
0 0.038000
0 0.038040
0 0.038067
0 0.038154
0 0.038294
0 0.038643
0 0.038750
0 0.038794
0 0.039039
0 0.039101
0 0.039105
0 0.039184
0 0.039324
0 0.039643
0 0.039646
0 0.039658
0 0.039729
0 0.039856
0 0.039875
0 0.039948
0 0.039965
0 0.040037
0 0.040038
0 0.040096
0 0.040096
0 0.040096
0 0.040208
0 0.040251
0 0.040278
0 0.040327
0 0.040329
0 0.040333
0 0.040383
0 0.040430
0 0.040448
0 0.040450
0 0.040466
0 0.040501
0 0.040506
0 0.040510
0 0.040514
0 0.040588
0 0.040595
0 0.040597
0 0.040678
0 0.040765
0 0.040820
0 0.040828
0 0.040868
0 0.040960
0 0.041034
0 0.041135
0 0.041139
0 0.041220
0 0.041261
0 0.041337
0 0.041401
0 0.041465
0 0.041476
0 0.041563
0 0.041568
0 0.041573
0 0.041616
0 0.041676
0 0.041763
0 0.041830
0 0.041855
0 0.041956
0 0.041966
0 0.042086
0 0.042747
0 0.043522
0 0.043545
0 0.045370
0 0.046595
0 0.046776
0 0.047204
0 0.047526
0 0.047725
0 0.047755
0 0.047871
0 0.048070
0 0.048226
0 0.048287
0 0.048488
0 0.048536
0 0.048549
0 0.048702
0 0.048716
0 0.048818
0 0.048875
0 0.048920
0 0.048987
0 0.048990
0 0.049008
0 0.049058
0 0.049068
0 0.049107
0 0.049144
0 0.049190
0 0.049375
0 0.049666
0 0.049675
0 0.049872
0 0.049962
0 0.050131
0 0.050150
0 0.050281
0 0.050322
0 0.050445
0 0.050478
0 0.050770
0 0.051072
0 0.051231
0 0.051515
0 0.052081
0 0.052213
0 0.061715
0 0.062787
1 0.023280
1 0.023283
1 0.023292
1 0.023293
1 0.023302
1 0.023316
1 0.023320
1 0.023321
1 0.023323
1 0.023325
1 0.023328
1 0.023329
1 0.023331
1 0.023342
1 0.023344
1 0.023346
1 0.023348
1 0.023348
1 0.023349
1 0.023353
1 0.023353
1 0.023353
1 0.023354
1 0.023356
1 0.023360
1 0.023366
1 0.023372
1 0.023372
1 0.023373
1 0.023374
1 0.023374
1 0.023379
1 0.023380
1 0.023381
1 0.023383
1 0.023386
1 0.023387
1 0.023389
1 0.023400
1 0.023405
1 0.023405
1 0.023406
1 0.023410
1 0.023410
1 0.023410
1 0.023411
1 0.023412
1 0.023414
1 0.023419
1 0.023420
1 0.023422
1 0.023423
1 0.023426
1 0.023426
1 0.023426
1 0.023433
1 0.023433
1 0.023437
1 0.023440
1 0.023448
1 0.023449
1 0.023449
1 0.023450
1 0.023452
1 0.023458
1 0.023458
1 0.023462
1 0.023462
1 0.023463
1 0.023470
1 0.023472
1 0.023477
1 0.023480
1 0.023484
1 0.023486
1 0.023490
1 0.023497
1 0.023510
1 0.023527
1 0.023530
1 0.023539
1 0.023564
1 0.023568
1 0.023578
1 0.023596
1 0.023598
1 0.023601
1 0.023602
1 0.023603
1 0.023611
1 0.023620
1 0.023639
1 0.023652
1 0.023721
1 0.023942
1 0.023973
1 0.023974
1 0.024026
1 0.024067
1 0.024188
1 0.024189
1 0.024289
1 0.024362
1 0.024423
1 0.024444
1 0.024446
1 0.024473
1 0.024485
1 0.024487
1 0.024502
1 0.024516
1 0.024537
1 0.024841
1 0.024850
1 0.024869
1 0.024902
1 0.024927
1 0.025193
1 0.025443
1 0.025679
1 0.025813
1 0.025834
1 0.025873
1 0.025943
1 0.025980
1 0.025990
1 0.026028
1 0.026028
1 0.026110
1 0.026112
1 0.026114
1 0.026385
1 0.026484
1 0.026503
1 0.026541
1 0.026573
1 0.026689
1 0.026708
1 0.026739
1 0.026802
1 0.026814
1 0.026844
1 0.026897
1 0.026915
1 0.026950
1 0.026952
1 0.026961
1 0.026969
1 0.026973
1 0.026995
1 0.026996
1 0.027002
1 0.027016
1 0.027020
1 0.027021
1 0.027028
1 0.027036
1 0.027038
1 0.027044
1 0.027045
1 0.027045
1 0.027057
1 0.027061
1 0.027077
1 0.027084
1 0.027097
1 0.027100
1 0.027100
1 0.027101
1 0.027102
1 0.027110
1 0.027114
1 0.027130
1 0.027136
1 0.027150
1 0.027166
1 0.027171
1 0.027185
1 0.027189
1 0.027194
1 0.027197
1 0.027199
1 0.027212
1 0.027213
1 0.027214
1 0.027217
1 0.027222
1 0.027231
1 0.027232
1 0.027234
1 0.027245
1 0.027248
1 0.027254
1 0.027256
1 0.027261
1 0.027264
1 0.027269
1 0.027276
1 0.027277
1 0.027294
1 0.027299
1 0.027315
1 0.027320
1 0.027327
1 0.027330
1 0.027330
1 0.027338
1 0.027338
1 0.027357
1 0.027367
1 0.027375
1 0.027377
1 0.027381
1 0.027389
1 0.027397
1 0.027416
1 0.027418
1 0.027418
1 0.027435
1 0.027442
1 0.027458
1 0.027463
1 0.027500
1 0.027506
1 0.027508
1 0.027510
1 0.027515
1 0.027516
1 0.027520
1 0.027525
1 0.027538
1 0.027540
1 0.027560
1 0.027567
1 0.027570
1 0.027583
1 0.027589
1 0.027598
1 0.027606
1 0.027614
1 0.027625
1 0.027660
1 0.027669
1 0.027683
1 0.027685
1 0.027712
1 0.027713
1 0.027723
1 0.027768
1 0.027772
1 0.027774
1 0.027776
1 0.027786
1 0.027790
1 0.027792
1 0.027805
1 0.027807
1 0.027841
1 0.027870
1 0.027891
1 0.027899
1 0.027929
1 0.027943
1 0.028002
1 0.028010
1 0.028011
1 0.028013
1 0.028020
1 0.028025
1 0.028041
1 0.028043
1 0.028071
1 0.028095
1 0.028100
1 0.028102
1 0.028103
1 0.028107
1 0.028156
1 0.028168
1 0.028168
1 0.028180
1 0.028185
1 0.028192
1 0.028255
1 0.028264
1 0.028269
1 0.028272
1 0.028272
1 0.028278
1 0.028297
1 0.028358
1 0.028360
1 0.028368
1 0.028415
1 0.028421
1 0.028426
1 0.028467
1 0.028492
1 0.028516
1 0.028560
1 0.028580
1 0.028705
1 0.028748
1 0.028769
1 0.028774
1 0.028813
1 0.028845
1 0.028899
1 0.028918
1 0.028920
1 0.029014
1 0.029162
1 0.029264
1 0.029606
1 0.029610
1 0.029757
1 0.029860
1 0.030232
1 0.030262
1 0.030357
1 0.030589
1 0.030694
1 0.030750
1 0.030751
1 0.030901
1 0.030907
1 0.030965
1 0.030981
1 0.030988
1 0.031005
1 0.031117
1 0.031136
1 0.031136
1 0.031173
1 0.031381
1 0.031469
1 0.031594
1 0.031957
1 0.031996
1 0.032003
1 0.032311
1 0.032527
1 0.032610
1 0.032778
1 0.033020
1 0.033026
1 0.033042
1 0.033255
1 0.033397
1 0.033594
1 0.033612
1 0.033658
1 0.033708
1 0.033842
1 0.034392
1 0.034529
1 0.034757
1 0.035026
1 0.035280
1 0.035515
1 0.035846
1 0.035850
1 0.036231
1 0.036511
1 0.036624
1 0.036904
1 0.037460
1 0.037587
1 0.037619
1 0.038014
1 0.038088
1 0.038119
1 0.038296
1 0.038394
1 0.038687
1 0.038759
1 0.038782
1 0.038875
1 0.038925
1 0.039016
1 0.039017
1 0.039077
1 0.039082
1 0.039082
1 0.039168
1 0.039235
1 0.039298
1 0.039320
1 0.039477
1 0.039488
1 0.039510
1 0.039568
1 0.039574
1 0.039593
1 0.039594
1 0.039611
1 0.039626
1 0.039632
1 0.039666
1 0.039684
1 0.039743
1 0.039751
1 0.039759
1 0.039789
1 0.039814
1 0.039830
1 0.039847
1 0.039883
1 0.040010
1 0.040079
1 0.040131
1 0.040151
1 0.040202
1 0.040214
1 0.040223
1 0.040230
1 0.040232
1 0.040233
1 0.040296
1 0.040306
1 0.040348
1 0.040442
1 0.040519
1 0.040645
1 0.040651
1 0.040659
1 0.040738
1 0.040797
1 0.040839
1 0.040840
1 0.040984
1 0.041065
1 0.041078
1 0.041093
1 0.041179
1 0.041285
1 0.041297
1 0.041306
1 0.041321
1 0.041333
1 0.041456
1 0.041522
1 0.041557
1 0.041591
1 0.042410
1 0.043189
1 0.043455
1 0.043639
1 0.044162
1 0.044467
1 0.045594
1 0.046196
1 0.046247
1 0.046345
1 0.047203
1 0.047269
1 0.047288
1 0.047847
1 0.047892
1 0.048017
1 0.048124
1 0.048133
1 0.048369
1 0.048556
1 0.048743
1 0.048914
1 0.049410
1 0.049420
1 0.049424
1 0.049578
1 0.049804
1 0.049816
1 0.049827
1 0.052042
1 0.056593
1 0.061124
1 0.066628
1 0.068054
2 0.031589
2 0.031775
2 0.032384
2 0.032734
2 0.033153
2 0.039995
2 0.040079
2 0.046561
2 0.484107
2 0.652279
2 0.716756
2 0.795490
2 1.082391
2 1.144147
2 1.162021
2 1.244026
2 1.417660
2 1.427687
2 1.625897
2 1.684243
