1 0.039779
1 0.061552
1 0.052156
1 0.074929
1 0.053772
1 0.057345
1 0.054612
1 0.032931
1 0.030518
1 0.032028
1 0.033283
1 0.026144
1 0.027541
1 0.035090
1 0.046124
1 0.033825
1 0.044147
1 0.033133
1 0.045089
1 0.033641
1 0.040173
1 0.036080
1 0.033341
1 0.026479
1 0.033999
1 0.038309
1 0.040133
1 0.036674
1 0.029624
1 0.028089
1 0.036985
1 0.119679
1 0.023276
1 0.039851
1 0.035544
1 0.046112
1 0.040116
1 0.033219
1 0.023204
1 0.032514
1 0.027614
1 0.031825
1 0.034392
1 0.031158
1 0.029868
1 0.039455
1 0.037876
1 0.044473
1 0.039162
1 0.037479
1 0.040236
1 0.032889
1 0.028390
1 0.028598
1 0.029913
1 0.031345
1 0.034016
1 0.032571
1 0.033909
1 0.034920
1 0.031940
1 0.031155
1 0.031511
1 0.034120
1 0.030878
1 0.031142
1 0.030087
1 0.036787
1 0.043502
1 0.043346
1 0.035780
1 0.044071
1 0.033882
1 0.039229
1 0.036433
1 0.040482
1 0.041962
1 0.041078
1 0.042867
1 0.038334
1 0.039947
1 0.039781
1 0.043118
1 0.041861
1 0.038030
1 0.039694
1 0.039090
1 0.042046
1 0.037255
1 0.043581
1 0.038007
1 0.041779
1 0.038816
1 0.038744
1 0.042012
1 0.040855
1 0.043427
1 0.031586
1 0.032526
1 0.031116
1 0.030312
1 0.030459
1 0.033454
1 0.030052
1 0.031001
1 0.034499
1 0.038762
1 0.040773
1 0.039514
1 0.039425
1 0.042481
1 0.036707
1 0.040461
1 0.032708
1 0.046170
1 0.039173
1 0.038073
1 0.041000
1 0.031739
1 0.029509
1 0.032337
1 0.041154
1 0.044024
1 0.035318
1 0.043683
1 0.030728
1 0.031798
1 0.030628
1 0.030736
1 0.030930
1 0.030493
1 0.030582
1 0.028854
1 0.025715
1 0.030295
1 0.030334
1 0.030399
1 0.030782
1 0.030513
1 0.030289
1 0.030765
1 0.024316
1 0.030308
1 0.030520
1 0.030415
1 0.031188
1 0.059170
1 0.056263
1 0.048679
1 0.044862
1 0.044094
1 0.038002
1 0.038186
1 0.038322
1 0.040609
1 0.040906
1 0.038213
1 0.038212
1 0.044125
1 0.035254
1 0.043730
1 0.040521
1 0.037350
1 0.043974
1 0.038183
1 0.038007
1 0.029230
1 0.041432
1 0.036739
1 0.035945
1 0.042266
1 0.038208
1 0.035454
1 0.035532
1 0.030698
1 0.029961
1 0.030221
1 0.031042
1 0.030125
1 0.030361
1 0.028284
1 0.029132
1 0.029927
1 0.030184
1 0.030521
1 0.030135
1 0.030074
1 0.030247
1 0.030035
1 0.026201
1 0.030079
1 0.030167
1 0.030117
1 0.036080
1 0.045437
1 0.033885
1 0.039441
1 0.027074
1 0.044906
1 0.037283
1 0.037914
1 0.039898
1 0.041929
1 0.042745
1 0.035432
1 0.038240
1 0.043231
1 0.034289
1 0.045620
1 0.046308
1 0.038272
1 0.035837
1 0.046162
1 0.036849
1 0.038158
1 0.039086
1 0.036322
1 0.046111
1 0.038173
1 0.039077
1 0.039053
1 0.034342
1 0.034581
1 0.031045
1 0.023236
1 0.033941
1 0.035273
1 0.029296
1 0.029334
1 0.031628
2 0.025332
2 0.027920
2 0.029801
2 0.030046
2 0.030146
2 0.029930
2 0.029986
2 0.027757
2 0.029998
2 0.029996
2 0.030071
2 0.030357
2 0.030208
2 0.096881
2 0.092286
2 0.094353
2 0.130113
2 0.115365
2 0.094240
2 0.111892
2 0.095127
2 0.178386
2 0.097522
2 0.135906
2 0.081254
2 0.103281
2 0.117180
2 0.106142
2 0.113636
2 0.081040
2 0.106852
2 0.094727
2 0.109480
2 0.109682
2 0.124656
2 0.120318
2 0.115158
2 0.137015
2 0.119957
2 0.102365
2 0.133437
2 0.130374
2 0.115555
2 0.092939
2 0.097735
2 0.103258
2 0.130141
2 0.120969
2 0.116287
2 0.125954
2 0.104053
2 0.111586
2 0.135415
2 0.120128
2 0.096672
2 0.141553
2 0.110612
2 0.055115
2 0.031682
2 0.030057
2 0.028471
2 0.023360
2 0.026625
2 0.078929
2 0.125040
2 0.128385
2 0.114940
2 0.122953
2 0.119461
2 0.111985
2 0.114820
2 0.099084
2 0.143082
2 0.111507
2 0.124037
2 0.124263
2 0.101093
2 0.139744
2 0.117609
2 0.124437
2 0.127252
2 0.086451
2 0.146625
2 0.126599
2 0.108212
2 0.114460
2 0.085071
2 0.119496
0 0.030104
0 0.030156
0 0.026151
0 0.026879
0 0.030030
0 0.030646
0 0.030550
0 0.030483
0 0.030053
0 0.030051
0 0.029970
0 0.029985
0 0.030343
0 0.030160
0 0.030251
0 0.030395
0 0.030224
0 0.030298
0 0.030319
0 0.025950
0 0.030074
0 0.030088
0 0.030293
0 0.030305
0 0.030263
0 0.030389
0 0.030237
0 0.029790
0 0.030359
0 0.030115
0 0.030152
0 0.030847
0 0.030328
0 0.030451
0 0.030119
0 0.027439
0 0.023480
0 0.023295
0 0.023251
0 0.023248
0 0.023271
0 0.023408
0 0.023253
0 0.023268
0 0.023283
0 0.023309
0 0.026496
0 0.030311
0 0.030272
0 0.029822
0 0.030281
0 0.030140
0 0.030328
0 0.031261
0 0.027774
0 0.030153
0 0.029165
0 0.028666
0 0.030252
0 0.030347
0 0.030297
0 0.030040
0 0.029401
0 0.023623
0 0.023406
0 0.023271
0 0.023836
0 0.030634
0 0.030499
0 0.030219
0 0.030457
0 0.030317
0 0.023887
0 0.023387
0 0.033918
0 0.041245
0 0.041081
0 0.038605
0 0.042423
0 0.034659
0 0.040682
0 0.041716
0 0.035910
0 0.040753
0 0.038494
0 0.036141
0 0.037470
0 0.044386
0 0.038617
0 0.072559
0 0.052908
0 0.055792
0 0.030331
0 0.030249
0 0.030602
0 0.030561
0 0.030668
0 0.029149
0 0.027769
0 0.030328
0 0.030777
0 0.031005
0 0.030350
0 0.030639
0 0.030734
0 0.030417
0 0.028175
0 0.031598
0 0.030676
0 0.030690
0 0.030612
0 0.030530
0 0.030737
0 0.031667
0 0.024349
0 0.025188
0 0.030501
0 0.026141
0 0.025146
0 0.030297
0 0.030450
0 0.030887
0 0.030112
0 0.024651
0 0.036199
0 0.040999
0 0.041331
0 0.038030
0 0.044550
0 0.037265
0 0.040553
0 0.045082
0 0.033926
0 0.043694
0 0.040766
0 0.034260
0 0.043497
0 0.035746
0 0.041989
0 0.030676
0 0.030508
0 0.030445
0 0.030687
0 0.023706
0 0.023347
0 0.029770
0 0.030256
0 0.030432
0 0.030322
0 0.030852
0 0.027850
0 0.029597
0 0.030411
0 0.030580
0 0.030504
0 0.030637
0 0.030632
0 0.030429
0 0.030596
0 0.030306
0 0.029999
0 0.030576
0 0.030612
0 0.031009
0 0.030651
0 0.030928
0 0.030630
0 0.030339
0 0.027675
0 0.030559
0 0.030455
0 0.030815
0 0.030621
0 0.030133
0 0.030489
0 0.027286
0 0.024578
0 0.023321
0 0.023342
0 0.023395
0 0.023331
0 0.023314
0 0.023376
0 0.023375
0 0.023364
0 0.024334
0 0.023384
0 0.033230
