0 0.048318
0 0.065948
0 0.055303
0 0.057357
0 0.026904
0 0.026091
0 0.033490
0 0.032907
0 0.040388
0 0.030184
0 0.030267
0 0.030212
0 0.032721
0 0.027186
0 0.037084
0 0.029222
0 0.032036
0 0.038168
0 0.028828
0 0.030269
0 0.034170
0 0.032926
0 0.033699
0 0.039976
0 0.030018
0 0.030387
0 0.034029
0 0.037170
0 0.035769
0 0.042884
0 0.030170
0 0.066523
0 0.054463
0 0.115555
0 0.074707
0 0.056941
0 0.036441
0 0.029950
0 0.027868
0 0.030428
0 0.029902
0 0.030495
0 0.030213
0 0.030388
0 0.030378
0 0.030531
0 0.031945
0 0.026695
0 0.028200
0 0.030331
0 0.030478
0 0.030410
0 0.030509
0 0.030222
0 0.030497
0 0.030236
0 0.030102
0 0.030702
0 0.030281
0 0.029948
0 0.030694
0 0.028898
0 0.023222
0 0.023290
0 0.023239
0 0.023315
0 0.023239
0 0.023194
0 0.027980
0 0.030164
0 0.030722
0 0.030223
0 0.029277
0 0.023704
0 0.029518
0 0.026173
0 0.028574
0 0.030231
0 0.030146
0 0.028321
0 0.030449
0 0.030213
0 0.030044
0 0.030181
0 0.030078
0 0.027281
0 0.028797
0 0.029263
0 0.028011
0 0.025262
0 0.025464
0 0.027953
0 0.029239
0 0.030522
0 0.030914
0 0.028303
0 0.028389
0 0.025663
0 0.027524
0 0.029454
0 0.028685
0 0.031832
0 0.031489
0 0.028906
0 0.029054
0 0.027935
0 0.024027
0 0.028693
0 0.024862
0 0.053563
0 0.053439
0 0.024780
0 0.023790
0 0.024746
0 0.026221
0 0.025563
0 0.026753
0 0.029567
0 0.030004
0 0.030740
0 0.023652
0 0.024454
0 0.024848
0 0.026421
0 0.031899
0 0.040688
0 0.026672
0 0.036664
0 0.032624
0 0.031690
0 0.030135
0 0.030197
0 0.029752
0 0.026177
0 0.026586
0 0.026088
0 0.039231
0 0.027898
0 0.035237
0 0.042036
0 0.027698
0 0.027945
0 0.031902
0 0.025797
0 0.047982
0 0.084938
0 0.073231
0 0.082033
0 0.059788
0 0.026716
0 0.023491
0 0.023301
0 0.027763
0 0.030167
0 0.030763
0 0.030538
0 0.030614
0 0.029763
0 0.026229
0 0.029892
0 0.030547
0 0.030457
0 0.030607
0 0.030523
0 0.027329
0 0.027825
0 0.030928
0 0.031000
0 0.030155
0 0.030486
0 0.037874
0 0.061104
0 0.030549
0 0.031033
0 0.030605
0 0.030620
0 0.028423
0 0.046191
0 0.054951
0 0.026338
0 0.025238
0 0.029539
0 0.024995
0 0.024988
0 0.040921
0 0.065616
0 0.082245
0 0.049453
0 0.028940
0 0.028112
0 0.024688
0 0.026838
0 0.023876
0 0.027224
0 0.028400
0 0.046687
0 0.068363
0 0.057781
0 0.055433
0 0.067295
0 0.060875
0 0.025811
0 0.024619
0 0.024217
0 0.023373
0 0.029264
0 0.030049
0 0.029354
0 0.030232
0 0.030134
0 0.030349
0 0.030310
0 0.030125
0 0.029092
0 0.029197
0 0.030243
0 0.030186
0 0.030214
0 0.030264
0 0.030264
0 0.028997
0 0.030270
0 0.037533
0 0.030245
0 0.035075
0 0.029956
0 0.034553
0 0.032426
0 0.036220
0 0.030353
0 0.030179
0 0.035938
2 0.027421
2 0.029701
2 0.030728
2 0.030046
2 0.026781
2 0.025763
2 0.030146
2 0.291694
2 0.346827
2 0.235549
2 0.574604
2 0.315294
2 0.265543
2 0.265642
2 0.332927
2 0.287132
2 0.282629
2 0.286490
2 0.528226
2 0.390233
2 0.369766
2 0.265262
2 0.332787
2 0.289143
2 0.388722
2 0.288616
2 0.308825
2 0.338992
2 0.323364
1 0.051022
1 0.057519
1 0.062564
1 0.030398
1 0.030212
1 0.026865
1 0.026611
1 0.030382
1 0.028358
1 0.029954
1 0.030023
1 0.030266
1 0.028742
1 0.027733
1 0.026356
1 0.030078
1 0.029855
1 0.026981
1 0.030066
1 0.029116
1 0.027973
1 0.030548
1 0.030052
1 0.030481
1 0.029632
1 0.030064
1 0.029787
1 0.030153
1 0.030033
1 0.030113
1 0.030256
1 0.028202
1 0.026901
1 0.028121
1 0.030093
1 0.026465
1 0.026127
1 0.025950
1 0.024808
1 0.024627
1 0.024719
1 0.033748
1 0.025464
1 0.022659
1 0.025789
1 0.023516
1 0.047671
1 0.048135
1 0.037659
1 0.028744
1 0.036458
1 0.030108
1 0.036522
1 0.030607
1 0.037513
1 0.030603
1 0.030231
1 0.035447
1 0.026791
1 0.032905
1 0.036978
1 0.030338
1 0.036674
1 0.030121
1 0.037038
1 0.030104
1 0.036814
1 0.030536
1 0.036104
1 0.030191
1 0.038485
1 0.024579
1 0.023236
1 0.029826
1 0.023297
1 0.030051
1 0.023238
1 0.027844
1 0.034273
1 0.036716
1 0.030284
1 0.029865
1 0.025303
1 0.031385
1 0.032067
1 0.030761
1 0.038013
1 0.028500
1 0.035225
1 0.030326
1 0.035403
1 0.031733
1 0.031338
1 0.031594
1 0.029725
1 0.027188
1 0.027600
1 0.032522
1 0.026676
1 0.031706
1 0.035963
1 0.027283
1 0.028806
1 0.029131
1 0.029509
1 0.030447
1 0.032863
1 0.026270
1 0.034578
1 0.033646
1 0.028265
1 0.027755
1 0.029515
1 0.030817
1 0.023505
1 0.029689
1 0.028783
1 0.030854
1 0.049999
1 0.064235
1 0.054663
1 0.042509
1 0.030622
1 0.043807
1 0.094146
1 0.071152
1 0.059533
1 0.030200
1 0.036891
1 0.030474
1 0.034490
1 0.052914
1 0.070542
1 0.081777
1 0.065867
1 0.066401
1 0.024926
1 0.025009
1 0.026288
1 0.030074
1 0.025949
1 0.035076
1 0.031238
1 0.040986
1 0.033720
1 0.025889
1 0.035705
1 0.041698
1 0.023373
1 0.023346
1 0.033187
1 0.035955
1 0.030488
1 0.035179
1 0.035791
1 0.026614
1 0.033488
1 0.035025
1 0.030120
1 0.035954
1 0.034195
1 0.027127
1 0.030765
1 0.035192
1 0.030277
1 0.035226
1 0.034148
1 0.026949
1 0.029237
1 0.027124
1 0.030821
1 0.035092
1 0.032197
1 0.032977
1 0.029188
1 0.029904
1 0.024737
1 0.028240
1 0.049824
1 0.037216
1 0.081350
1 0.027883
1 0.032346
1 0.023790
1 0.036087
1 0.034588
1 0.036511
1 0.039398
1 0.041061
1 0.047320
1 0.034289
1 0.027730
1 0.027926
1 0.032199
1 0.029099
1 0.025972
1 0.036955
1 0.032356
1 0.029925
1 0.044303
1 0.038836
1 0.030873
1 0.033649
1 0.048053
1 0.044670
1 0.030900
1 0.030410
1 0.038500
1 0.030562
1 0.030519
1 0.035300
1 0.036851
1 0.030508
1 0.036533
1 0.035678
1 0.030362
1 0.035120
1 0.034852
1 0.030776
1 0.033640
1 0.033991
1 0.030139
1 0.030374
1 0.030382
1 0.030334
1 0.030678
1 0.030896
1 0.030470
1 0.030653
1 0.030447
1 0.030550
