2 0.028886
2 0.026629
2 0.029184
2 0.030432
2 0.066246
2 0.108204
2 0.127907
2 0.106123
2 0.109159
2 0.117921
2 0.131351
2 0.088284
2 0.115932
2 0.150550
2 0.233663
2 0.125076
2 0.118006
2 0.132903
2 0.120147
2 0.124711
2 0.111214
2 0.128285
2 0.118231
2 0.134940
2 0.102246
2 0.135899
2 0.104008
2 0.139065
2 0.096181
2 0.114283
2 0.133432
2 0.092590
2 0.124519
2 0.100204
2 0.083759
2 0.104934
2 0.095290
2 0.089496
2 0.114540
2 0.112369
2 0.130183
2 0.131222
2 0.099684
2 0.106051
2 0.091664
2 0.120266
2 0.127862
2 0.090462
2 0.101257
2 0.076361
2 0.141494
2 0.118592
2 0.110709
2 0.110136
2 0.129387
2 0.122496
2 0.098380
2 0.096441
2 0.090248
2 0.129060
2 0.095642
2 0.144520
2 0.105063
2 0.094763
2 0.082520
0 0.058237
0 0.064125
0 0.043328
0 0.037644
0 0.042204
0 0.035786
0 0.044064
0 0.040148
0 0.038483
0 0.033209
0 0.029677
0 0.035141
0 0.031624
0 0.037462
0 0.041736
0 0.035362
0 0.038059
0 0.043926
0 0.035912
0 0.043211
0 0.042067
0 0.038687
0 0.031314
0 0.031514
0 0.031466
0 0.034458
0 0.028889
0 0.034983
0 0.069055
0 0.054329
0 0.036064
0 0.029726
0 0.063113
0 0.091031
0 0.069211
0 0.043780
0 0.040524
0 0.038450
0 0.037539
0 0.039044
0 0.038800
0 0.043911
0 0.038557
0 0.038451
0 0.043901
0 0.029288
0 0.034101
0 0.044280
0 0.041186
0 0.036829
0 0.041120
0 0.037646
0 0.038243
0 0.043819
0 0.035892
0 0.042084
0 0.043885
0 0.034994
0 0.039301
0 0.041988
0 0.039157
0 0.040411
0 0.039567
0 0.041447
0 0.034733
0 0.045679
0 0.041313
0 0.038092
0 0.040818
0 0.040467
0 0.031394
0 0.043777
0 0.036722
0 0.044706
0 0.037867
0 0.038037
0 0.037150
0 0.033758
0 0.036404
0 0.040696
0 0.042063
0 0.041214
0 0.035291
0 0.038631
0 0.037293
0 0.031122
0 0.036507
0 0.038186
0 0.043292
0 0.038221
0 0.026259
0 0.030937
0 0.031654
0 0.028053
0 0.035614
0 0.028390
0 0.037018
0 0.025847
0 0.033990
0 0.027783
0 0.029419
0 0.035910
0 0.026882
0 0.030991
0 0.033955
0 0.030008
0 0.035160
0 0.035951
0 0.043406
0 0.043580
0 0.038115
0 0.037937
0 0.043604
0 0.035407
0 0.038751
0 0.037939
0 0.030220
0 0.030368
0 0.030391
0 0.024975
0 0.023315
0 0.023272
0 0.023288
0 0.023257
0 0.023246
0 0.023285
0 0.023350
0 0.023270
0 0.023193
0 0.023796
0 0.030355
0 0.030025
0 0.029988
0 0.030317
0 0.037296
0 0.036749
0 0.040697
0 0.033392
0 0.031080
0 0.030997
0 0.033629
0 0.029789
0 0.031045
0 0.033236
0 0.027711
0 0.028902
0 0.040494
0 0.038144
0 0.041983
0 0.038541
0 0.037142
0 0.039744
0 0.041940
0 0.037861
0 0.038511
0 0.042327
0 0.041478
0 0.037670
0 0.031078
0 0.034581
0 0.041654
0 0.041083
0 0.037442
0 0.038606
0 0.033223
0 0.039132
0 0.023248
0 0.032733
0 0.031406
0 0.030312
0 0.030794
0 0.033614
0 0.039610
0 0.035597
0 0.035064
0 0.045732
0 0.037824
0 0.037863
0 0.044587
0 0.028144
0 0.032353
0 0.043393
0 0.040760
0 0.037678
0 0.043512
0 0.030730
0 0.032920
0 0.030742
0 0.031387
0 0.027503
0 0.040156
0 0.036496
0 0.033977
0 0.026554
1 0.055151
1 0.056061
1 0.039165
1 0.028855
1 0.030499
1 0.030468
1 0.030715
1 0.030194
1 0.030215
1 0.030617
1 0.031074
1 0.025962
1 0.023313
1 0.023434
1 0.023395
1 0.023373
1 0.023297
1 0.030314
1 0.032384
1 0.030557
1 0.029952
1 0.030897
1 0.030352
1 0.030756
1 0.031085
1 0.030396
1 0.030458
1 0.030366
1 0.029356
1 0.023316
1 0.023357
1 0.023391
1 0.023456
1 0.024939
1 0.023367
1 0.029453
1 0.030374
1 0.024792
1 0.025596
1 0.029009
1 0.077066
1 0.061087
1 0.024998
1 0.068045
1 0.025427
1 0.024762
1 0.028449
1 0.030738
1 0.030438
1 0.030923
1 0.030340
1 0.029778
1 0.028151
1 0.031158
1 0.030605
1 0.030202
1 0.033349
1 0.030421
1 0.030529
1 0.030342
1 0.023459
1 0.029168
1 0.030614
1 0.030628
1 0.030333
1 0.030402
1 0.030413
1 0.030359
1 0.026351
1 0.029509
1 0.030615
1 0.030201
1 0.030540
1 0.030449
1 0.030609
1 0.030598
1 0.030040
1 0.032366
1 0.030563
1 0.030620
1 0.030606
1 0.030461
1 0.030410
1 0.030708
1 0.029542
1 0.030085
1 0.030536
1 0.030414
1 0.030452
1 0.030647
1 0.030661
1 0.030486
1 0.030623
1 0.024826
1 0.030788
1 0.030438
1 0.031400
1 0.030436
1 0.030392
1 0.030435
1 0.030663
1 0.025138
1 0.023970
1 0.030769
1 0.030775
1 0.030123
1 0.030382
1 0.030735
1 0.030512
1 0.026208
1 0.026448
1 0.030381
1 0.024836
1 0.023281
1 0.027935
1 0.030450
1 0.030785
1 0.032133
1 0.028052
1 0.023355
1 0.023346
1 0.023327
1 0.023368
1 0.023359
1 0.023359
1 0.023363
1 0.023335
1 0.023344
1 0.023355
1 0.023322
1 0.023364
1 0.023455
1 0.023360
1 0.023470
1 0.023638
1 0.023392
1 0.023385
1 0.023308
1 0.023401
1 0.023356
1 0.024833
1 0.030220
1 0.032825
1 0.030826
1 0.030641
1 0.030493
1 0.030592
1 0.030628
1 0.029975
1 0.030684
1 0.030552
1 0.030582
1 0.035880
1 0.036275
1 0.043570
1 0.033673
1 0.030776
1 0.030461
1 0.033865
1 0.027647
1 0.033000
1 0.032371
1 0.031209
1 0.040039
1 0.040577
1 0.034961
1 0.035666
1 0.026638
1 0.027200
1 0.030305
1 0.028670
1 0.023338
1 0.023449
1 0.023430
1 0.023317
1 0.023341
1 0.023449
1 0.023315
1 0.023320
1 0.023337
1 0.023364
1 0.023360
1 0.027680
1 0.032784
1 0.030694
1 0.030597
1 0.030709
1 0.026441
1 0.030926
1 0.029129
1 0.030207
1 0.030486
1 0.030329
1 0.030548
1 0.030419
1 0.030605
1 0.030303
1 0.030350
1 0.023305
1 0.023311
1 0.029256
1 0.030787
1 0.030879
1 0.032382
1 0.030995
1 0.030612
1 0.026006
1 0.023366
1 0.023445
1 0.023363
1 0.023367
1 0.023273
1 0.023401
1 0.023317
1 0.023345
1 0.023295
1 0.023393
1 0.028587
1 0.030919
1 0.030620
1 0.030614
1 0.030333
1 0.030589
1 0.030496
1 0.030516
1 0.027363
1 0.023448
1 0.027633
1 0.030594
1 0.030745
1 0.030432
1 0.030565
1 0.030654
1 0.029578
1 0.023340
1 0.023379
1 0.023340
1 0.023322
1 0.026557
1 0.023441
1 0.023350
1 0.028249
1 0.026857
1 0.028073
1 0.023352
