1 0.039527
1 0.036869
1 0.026529
1 0.030164
1 0.030489
1 0.030268
1 0.030201
1 0.030416
1 0.030146
1 0.030276
1 0.029859
1 0.030127
1 0.030125
1 0.030132
1 0.030218
1 0.030455
1 0.031085
1 0.041268
1 0.038360
1 0.042121
1 0.039313
1 0.041949
1 0.044138
1 0.041009
1 0.031755
1 0.044599
1 0.037833
1 0.044347
1 0.039762
1 0.040901
1 0.036642
1 0.104058
1 0.070116
1 0.059704
1 0.060158
1 0.049251
1 0.039373
1 0.033029
1 0.040565
1 0.037033
1 0.039807
1 0.043122
1 0.040585
1 0.040304
1 0.040619
1 0.034121
1 0.040075
1 0.037354
1 0.045118
1 0.037869
1 0.040789
1 0.038340
1 0.028650
1 0.033239
1 0.030860
1 0.031075
1 0.033470
1 0.030182
1 0.031040
1 0.029234
1 0.040696
1 0.040195
1 0.039326
1 0.044040
1 0.035389
1 0.039928
1 0.037856
1 0.045884
1 0.032521
1 0.029553
1 0.039407
1 0.038496
1 0.040724
1 0.042202
1 0.041886
1 0.037715
1 0.041275
1 0.037311
1 0.041367
1 0.036249
1 0.040162
1 0.044423
1 0.040511
1 0.035565
1 0.041561
1 0.038143
1 0.044450
1 0.041183
1 0.035741
1 0.037367
1 0.038030
1 0.038736
1 0.042519
1 0.035604
1 0.039082
1 0.028171
1 0.033495
1 0.031482
1 0.028483
1 0.035387
1 0.029876
1 0.029922
1 0.044885
1 0.035811
1 0.029315
1 0.030381
1 0.030390
1 0.026381
1 0.023364
1 0.027548
1 0.030389
1 0.029971
1 0.030059
1 0.030302
1 0.029507
1 0.030485
1 0.027590
1 0.028433
1 0.030127
1 0.030269
1 0.024324
1 0.027046
1 0.023228
1 0.023241
1 0.023344
1 0.023206
1 0.023222
1 0.023202
1 0.023276
1 0.023244
1 0.030050
1 0.030281
1 0.030340
1 0.030496
1 0.026845
1 0.030324
1 0.029536
1 0.030603
1 0.030189
1 0.030253
1 0.029709
1 0.030588
1 0.030136
1 0.029437
1 0.030556
1 0.030077
1 0.030420
1 0.030781
1 0.030466
1 0.028315
1 0.029485
1 0.030436
1 0.030020
1 0.030367
1 0.027459
1 0.030067
1 0.029801
1 0.026860
1 0.023443
1 0.023355
1 0.023363
1 0.023294
1 0.023313
1 0.023325
1 0.023383
1 0.028360
1 0.030416
1 0.030384
1 0.030844
1 0.030783
1 0.030711
1 0.026865
1 0.023323
1 0.023474
1 0.023353
1 0.024001
1 0.030132
1 0.024263
1 0.023465
1 0.023473
1 0.029937
1 0.031315
1 0.030537
1 0.030941
1 0.030489
1 0.027604
1 0.023502
1 0.029565
1 0.030576
1 0.030413
1 0.027685
2 0.023370
2 0.024435
2 0.050985
2 0.127481
2 0.127058
2 0.122767
2 0.123318
2 0.115775
2 0.142540
2 0.113839
2 0.131849
2 0.192355
2 0.181258
2 0.118290
2 0.117396
2 0.126405
2 0.111815
2 0.125156
2 0.094229
2 0.102138
2 0.110813
2 0.119209
2 0.128135
2 0.092211
2 0.132202
2 0.106659
2 0.126262
2 0.108570
2 0.123718
2 0.132213
2 0.118648
2 0.120000
2 0.091954
2 0.082267
2 0.127440
2 0.113503
2 0.130558
2 0.130986
2 0.111275
2 0.079294
2 0.099908
2 0.125626
2 0.120609
2 0.114884
2 0.125188
2 0.126546
2 0.120529
2 0.125047
2 0.085340
2 0.091742
2 0.120886
2 0.107265
2 0.123184
2 0.088075
2 0.134205
2 0.106456
0 0.049597
0 0.039012
0 0.042409
0 0.036873
0 0.044196
0 0.037345
0 0.041099
0 0.038579
0 0.043689
0 0.035430
0 0.041757
0 0.042989
0 0.042196
0 0.031973
0 0.030792
0 0.032673
0 0.031649
0 0.031731
0 0.032059
0 0.031660
0 0.031680
0 0.032132
0 0.027643
0 0.031851
0 0.030764
0 0.030598
0 0.030622
0 0.030566
0 0.031560
0 0.030743
0 0.030384
0 0.027742
0 0.025774
0 0.024962
0 0.024551
0 0.025983
0 0.024766
0 0.073028
0 0.028157
0 0.103636
0 0.035501
0 0.027406
0 0.030742
0 0.029158
0 0.030435
0 0.030498
0 0.030571
0 0.030554
0 0.030717
0 0.030541
0 0.030544
0 0.031842
0 0.026694
0 0.030365
0 0.030720
0 0.030647
0 0.030584
0 0.030494
0 0.030542
0 0.030657
0 0.024944
0 0.024399
0 0.023398
0 0.023409
0 0.023523
0 0.023416
0 0.023438
0 0.023441
0 0.023370
0 0.023412
0 0.024841
0 0.030455
0 0.030366
0 0.032808
0 0.030585
0 0.029956
0 0.031048
0 0.030721
0 0.029012
0 0.030570
0 0.030917
0 0.029921
0 0.023485
0 0.023540
0 0.028899
0 0.030620
0 0.030346
0 0.030164
0 0.030184
0 0.030228
0 0.027151
0 0.030315
0 0.030033
0 0.031914
0 0.030654
0 0.030637
0 0.029578
0 0.028219
0 0.030241
0 0.030472
0 0.036441
0 0.028128
0 0.030338
0 0.029694
0 0.030466
0 0.030528
0 0.030036
0 0.030327
0 0.030280
0 0.030004
0 0.023446
0 0.030462
0 0.030249
0 0.031525
0 0.027379
0 0.030675
0 0.029986
0 0.023377
0 0.023410
0 0.023378
0 0.023323
0 0.023270
0 0.023281
0 0.023284
0 0.023292
0 0.024659
0 0.030370
0 0.030373
0 0.040080
0 0.037078
0 0.042833
0 0.034379
0 0.036478
0 0.046694
0 0.037969
0 0.043393
0 0.037759
0 0.036629
0 0.037654
0 0.038152
0 0.036697
0 0.033825
0 0.033964
0 0.031235
0 0.032798
0 0.028574
0 0.035413
0 0.023919
0 0.046211
0 0.034571
0 0.047235
0 0.039275
0 0.032715
0 0.043644
0 0.041207
0 0.043042
0 0.037800
0 0.044693
0 0.033252
0 0.042818
0 0.039189
0 0.039444
0 0.041976
0 0.033854
0 0.042992
0 0.044356
0 0.037567
0 0.037991
0 0.037063
0 0.034108
0 0.023286
0 0.034138
0 0.035768
0 0.032045
0 0.035839
0 0.039277
0 0.043737
0 0.035407
0 0.040314
0 0.035244
0 0.026438
0 0.029296
0 0.044908
0 0.029165
0 0.027473
0 0.040243
0 0.041524
0 0.040257
0 0.041758
0 0.032190
0 0.041276
0 0.039227
0 0.038501
