0 0.023280
0 0.023341
0 0.023351
0 0.023361
0 0.023364
0 0.023366
0 0.023377
0 0.023385
0 0.023394
0 0.023394
0 0.023397
0 0.023405
0 0.023410
0 0.023411
0 0.023430
0 0.023431
0 0.023436
0 0.023438
0 0.023448
0 0.023463
0 0.023474
0 0.023480
0 0.023492
0 0.023533
0 0.023540
0 0.023549
0 0.023551
0 0.023582
0 0.023597
0 0.023852
0 0.023947
0 0.024079
0 0.024102
0 0.024132
0 0.024208
0 0.024233
0 0.024240
0 0.024429
0 0.024686
0 0.024689
0 0.024689
0 0.024691
0 0.024749
0 0.025010
0 0.025017
0 0.025037
0 0.025091
0 0.025105
0 0.025274
0 0.025628
0 0.025683
0 0.025719
0 0.025728
0 0.025732
0 0.025756
0 0.025786
0 0.025787
0 0.025860
0 0.025905
0 0.025930
0 0.025973
0 0.025983
0 0.026016
0 0.026062
0 0.026076
0 0.026176
0 0.026269
0 0.026322
0 0.026381
0 0.026381
0 0.026416
0 0.026436
0 0.026441
0 0.026446
0 0.026563
0 0.026578
0 0.026579
0 0.026613
0 0.026615
0 0.026686
0 0.026698
0 0.026763
0 0.026828
0 0.026875
0 0.026889
0 0.026915
0 0.026915
0 0.026942
0 0.026949
0 0.026952
0 0.026978
0 0.027013
0 0.027017
0 0.027023
0 0.027027
0 0.027031
0 0.027037
0 0.027047
0 0.027062
0 0.027074
0 0.027083
0 0.027084
0 0.027094
0 0.027115
0 0.027126
0 0.027131
0 0.027139
0 0.027178
0 0.027196
0 0.027203
0 0.027211
0 0.027224
0 0.027227
0 0.027242
0 0.027252
0 0.027277
0 0.027278
0 0.027278
0 0.027328
0 0.027334
0 0.027358
0 0.027371
0 0.027373
0 0.027404
0 0.027417
0 0.027436
0 0.027437
0 0.027454
0 0.027459
0 0.027465
0 0.027483
0 0.027490
0 0.027508
0 0.027538
0 0.027576
0 0.027600
0 0.027609
0 0.027615
0 0.027618
0 0.027627
0 0.027647
0 0.027680
0 0.027709
0 0.027724
0 0.027741
0 0.027772
0 0.027780
0 0.027829
0 0.027831
0 0.027880
0 0.027915
0 0.027955
0 0.027971
0 0.027980
0 0.027994
0 0.028048
0 0.028142
0 0.028183
0 0.028215
0 0.028223
0 0.028237
0 0.028241
0 0.028275
0 0.028290
0 0.028291
0 0.028308
0 0.028324
0 0.028326
0 0.028352
0 0.028381
0 0.028417
0 0.028502
0 0.028505
0 0.028552
0 0.028574
0 0.028676
0 0.028750
0 0.028886
0 0.028915
0 0.028945
0 0.029059
0 0.029077
0 0.029174
0 0.029397
0 0.029475
0 0.029574
0 0.029700
0 0.029706
0 0.030012
0 0.030324
0 0.030837
0 0.031887
0 0.031903
0 0.031973
0 0.032069
0 0.032453
0 0.032553
0 0.032631
0 0.032635
0 0.032687
0 0.032935
0 0.033014
0 0.033132
0 0.033605
0 0.033769
0 0.033818
0 0.033899
0 0.034146
0 0.034756
0 0.034794
0 0.034820
0 0.035256
0 0.035323
0 0.035634
0 0.035646
0 0.035837
0 0.036128
0 0.036169
0 0.036438
0 0.036723
0 0.036877
0 0.037510
0 0.037580
0 0.037760
0 0.037848
0 0.037892
0 0.038231
0 0.038510
0 0.038956
0 0.039121
0 0.039339
0 0.039383
0 0.039413
0 0.039500
0 0.039785
0 0.039788
0 0.039990
0 0.039998
0 0.040025
0 0.040296
0 0.040307
0 0.040341
0 0.040547
0 0.040785
0 0.040863
0 0.041149
0 0.041221
0 0.041274
0 0.041333
0 0.041433
0 0.041534
0 0.041574
0 0.041658
0 0.041805
0 0.041948
0 0.041980
0 0.042007
0 0.042163
0 0.042411
0 0.042446
0 0.042579
0 0.042695
0 0.042722
0 0.042726
0 0.042746
0 0.042812
0 0.042943
0 0.043057
0 0.043090
0 0.043116
0 0.043125
0 0.043324
0 0.043339
0 0.043376
0 0.043404
0 0.043459
0 0.043459
0 0.043531
0 0.043644
0 0.043746
0 0.043797
0 0.043993
0 0.044093
0 0.044273
0 0.045451
0 0.046334
0 0.046426
0 0.047521
0 0.048027
0 0.048312
0 0.049596
0 0.049778
0 0.049815
0 0.050134
0 0.050613
0 0.051004
0 0.051265
0 0.051430
0 0.051436
0 0.051441
0 0.051694
0 0.051772
0 0.051876
0 0.051894
0 0.051943
0 0.052470
0 0.052501
0 0.052633
0 0.053886
0 0.054433
0 0.056254
1 0.023282
1 0.023291
1 0.023292
1 0.023295
1 0.023305
1 0.023322
1 0.023323
1 0.023331
1 0.023335
1 0.023337
1 0.023387
1 0.023410
1 0.023430
1 0.023431
1 0.023440
1 0.023476
1 0.023767
1 0.023767
1 0.023883
1 0.023944
1 0.024188
1 0.024274
1 0.024748
1 0.024754
1 0.024917
1 0.024956
1 0.025044
1 0.025131
1 0.025305
1 0.025472
1 0.025542
1 0.025573
1 0.025592
1 0.025597
1 0.025624
1 0.025672
1 0.025781
1 0.025970
1 0.026075
1 0.026291
1 0.026303
1 0.026326
1 0.026363
1 0.026369
1 0.026383
1 0.026398
1 0.026436
1 0.026443
1 0.026504
1 0.026582
1 0.026587
1 0.026650
1 0.026691
1 0.026722
1 0.026725
1 0.026733
1 0.026736
1 0.026748
1 0.026755
1 0.026765
1 0.026778
1 0.026778
1 0.026787
1 0.026814
1 0.026824
1 0.026849
1 0.026890
1 0.026903
1 0.026918
1 0.026918
1 0.026934
1 0.026941
1 0.026956
1 0.026959
1 0.026968
1 0.026985
1 0.026989
1 0.027000
1 0.027003
1 0.027040
1 0.027040
1 0.027085
1 0.027134
1 0.027143
1 0.027158
1 0.027165
1 0.027215
1 0.027225
1 0.027234
1 0.027247
1 0.027253
1 0.027260
1 0.027281
1 0.027329
1 0.027342
1 0.027351
1 0.027377
1 0.027378
1 0.027383
1 0.027398
1 0.027404
1 0.027441
1 0.027442
1 0.027447
1 0.027463
1 0.027475
1 0.027497
1 0.027507
1 0.027527
1 0.027536
1 0.027542
1 0.027543
1 0.027560
1 0.027576
1 0.027577
1 0.027584
1 0.027586
1 0.027667
1 0.027678
1 0.027727
1 0.027737
1 0.027794
1 0.027799
1 0.027809
1 0.027828
1 0.027859
1 0.027914
1 0.027935
1 0.027941
1 0.027951
1 0.028067
1 0.028069
1 0.028078
1 0.028113
1 0.028137
1 0.028163
1 0.028164
1 0.028203
1 0.028212
1 0.028244
1 0.028298
1 0.028357
1 0.028365
1 0.028397
1 0.028401
1 0.028435
1 0.028458
1 0.028564
1 0.028566
1 0.028579
1 0.028654
1 0.029006
1 0.029030
1 0.029060
1 0.029067
1 0.029219
1 0.029900
1 0.030343
1 0.030960
1 0.031031
1 0.031159
1 0.031446
1 0.031684
1 0.031891
1 0.031900
1 0.031901
1 0.031902
1 0.031941
1 0.031952
1 0.031960
1 0.031987
1 0.031997
1 0.031998
1 0.032000
1 0.032276
1 0.032414
1 0.032431
1 0.032534
1 0.032640
1 0.032649
1 0.032658
1 0.032716
1 0.032804
1 0.032847
1 0.032852
1 0.033034
1 0.033045
1 0.033050
1 0.033195
1 0.033201
1 0.033318
1 0.033482
1 0.033689
1 0.033947
1 0.034583
1 0.034799
1 0.035080
1 0.035406
1 0.035480
1 0.036106
1 0.036207
1 0.036331
1 0.036355
1 0.036460
1 0.036515
1 0.036921
1 0.037405
1 0.037539
1 0.037649
1 0.038164
1 0.038352
1 0.038474
1 0.038529
1 0.038720
1 0.038755
1 0.038795
1 0.038887
1 0.038922
1 0.038996
1 0.039010
1 0.039025
1 0.039038
1 0.039055
1 0.039236
1 0.039323
1 0.039378
1 0.039464
1 0.039596
1 0.039879
1 0.040190
1 0.040476
1 0.040560
1 0.040597
1 0.040847
1 0.040924
1 0.040972
1 0.041046
1 0.041071
1 0.041077
1 0.041179
1 0.041194
1 0.041249
1 0.041302
1 0.041314
1 0.041407
1 0.041448
1 0.041526
1 0.041657
1 0.041747
1 0.041768
1 0.042078
1 0.042123
1 0.042311
1 0.042535
1 0.042547
1 0.042682
1 0.042721
1 0.042803
1 0.042804
1 0.043085
1 0.043180
1 0.043223
1 0.043272
1 0.043432
1 0.043514
1 0.043553
1 0.043706
1 0.043807
1 0.044195
1 0.044227
1 0.044344
1 0.044489
1 0.045542
1 0.046622
1 0.046977
1 0.047260
1 0.047789
1 0.048648
1 0.048675
1 0.049320
1 0.049615
1 0.049872
1 0.050042
1 0.050438
1 0.050949
1 0.051086
1 0.051263
1 0.051471
1 0.052196
1 0.052233
1 0.052274
1 0.052538
1 0.052631
1 0.052792
1 0.052872
1 0.053137
1 0.053195
1 0.053289
1 0.053862
1 0.054205
1 0.054271
1 0.055349
1 0.055430
2 0.033087
2 0.036658
2 0.036659
2 0.037409
2 0.037627
2 0.037945
2 0.042003
2 0.352247
2 1.076432
2 1.349364
2 1.391419
2 1.412304
2 1.633501
2 1.936515
