1 0.048053
1 0.052058
1 0.044646
1 0.045170
1 0.023336
1 0.023283
1 0.027494
1 0.031332
1 0.032408
1 0.031722
1 0.030675
1 0.031166
1 0.024232
1 0.023775
1 0.023239
1 0.023217
1 0.023318
1 0.025369
1 0.031512
1 0.030242
1 0.030368
1 0.026181
1 0.026549
1 0.030835
1 0.030369
1 0.030421
1 0.030540
1 0.030652
1 0.030093
1 0.028331
1 0.028084
1 0.025701
1 0.030352
1 0.032449
1 0.030131
1 0.030443
1 0.051061
1 0.085649
1 0.098260
1 0.121503
1 0.027451
1 0.029080
1 0.031625
1 0.030974
1 0.030218
1 0.030040
1 0.028500
1 0.028265
1 0.030172
1 0.030415
1 0.030405
1 0.029588
1 0.030368
1 0.030543
1 0.032402
1 0.026463
1 0.029871
1 0.030208
1 0.030206
1 0.030281
1 0.030423
1 0.030574
1 0.030563
1 0.026468
1 0.029103
1 0.030138
1 0.030370
1 0.030225
1 0.030133
1 0.030019
1 0.030377
1 0.030370
1 0.030543
1 0.030540
1 0.030437
1 0.030202
1 0.030502
1 0.030244
1 0.030629
1 0.029117
1 0.023254
1 0.023306
1 0.023322
1 0.023264
1 0.023258
1 0.023276
1 0.023282
1 0.023259
1 0.023253
1 0.023288
1 0.023462
1 0.029902
1 0.030153
1 0.030083
1 0.029923
1 0.030363
1 0.030712
1 0.030452
1 0.029966
1 0.030355
1 0.030649
1 0.030171
1 0.030436
1 0.030408
1 0.031041
1 0.030381
1 0.029997
1 0.027016
1 0.030102
1 0.027165
1 0.029901
1 0.030418
1 0.030105
1 0.030204
1 0.030485
1 0.029477
1 0.030749
1 0.030590
1 0.030679
1 0.030804
1 0.030747
1 0.030379
1 0.030987
1 0.029667
1 0.030662
1 0.041785
1 0.038588
1 0.038286
1 0.037645
1 0.036716
1 0.037545
1 0.035456
1 0.045738
1 0.034892
1 0.035332
1 0.040964
1 0.038314
1 0.038567
1 0.036641
1 0.043028
1 0.041047
1 0.036273
1 0.035736
1 0.044004
1 0.033971
1 0.034819
1 0.041248
1 0.037601
1 0.035886
1 0.035746
1 0.040623
1 0.035716
1 0.035098
1 0.046508
1 0.033593
1 0.039655
1 0.036578
1 0.040928
1 0.037162
1 0.038228
1 0.038205
1 0.040866
1 0.036121
1 0.029324
1 0.045229
1 0.031726
1 0.038242
1 0.038322
1 0.035806
1 0.037363
1 0.039436
1 0.038033
1 0.046307
1 0.029216
1 0.039951
1 0.035955
1 0.036899
1 0.041351
1 0.041496
1 0.031929
1 0.033469
1 0.038748
1 0.033162
1 0.036802
1 0.041659
1 0.038623
1 0.038357
1 0.040421
1 0.041826
1 0.036317
1 0.044273
1 0.038880
1 0.038567
1 0.037982
1 0.038249
1 0.033976
1 0.037258
1 0.044302
1 0.033462
1 0.038234
1 0.039539
1 0.037262
1 0.040571
1 0.037173
1 0.038206
1 0.038088
1 0.037327
1 0.038430
1 0.037530
1 0.036863
1 0.038438
1 0.037839
1 0.038606
1 0.040411
1 0.037557
1 0.033002
1 0.039691
1 0.038549
1 0.037488
1 0.039051
1 0.038314
1 0.033421
1 0.043913
1 0.033481
1 0.043556
1 0.033875
1 0.042906
1 0.029995
1 0.039887
1 0.039114
1 0.038242
1 0.039073
1 0.038208
1 0.034145
1 0.042217
1 0.037829
1 0.040672
1 0.033651
1 0.038790
1 0.038671
1 0.038284
1 0.035472
1 0.035975
1 0.042526
1 0.030545
1 0.046048
1 0.033871
1 0.036417
1 0.034058
1 0.040685
1 0.042854
1 0.030124
1 0.037994
1 0.039439
1 0.037198
1 0.038242
1 0.038628
0 0.064692
0 0.040584
0 0.037285
0 0.058155
0 0.023232
0 0.029413
0 0.041636
0 0.037636
0 0.041483
0 0.041528
0 0.029641
0 0.032679
0 0.025654
0 0.030680
0 0.032180
0 0.039638
0 0.041660
0 0.034536
0 0.028478
0 0.037034
0 0.043985
0 0.037430
0 0.035403
0 0.042577
0 0.034401
0 0.030879
0 0.036623
0 0.045584
0 0.045167
0 0.029072
0 0.035937
0 0.029392
0 0.033501
0 0.038708
0 0.046783
0 0.029788
0 0.049188
0 0.024188
0 0.035442
0 0.038722
0 0.037645
0 0.041409
0 0.037095
0 0.038261
0 0.032364
0 0.036892
0 0.038879
0 0.042225
0 0.038156
0 0.039532
0 0.038451
0 0.032512
0 0.037412
0 0.037836
0 0.037040
0 0.038339
0 0.039395
0 0.037991
0 0.029730
0 0.041300
0 0.036561
0 0.040790
0 0.038711
0 0.036755
0 0.045775
0 0.033704
0 0.039193
0 0.037961
0 0.036136
0 0.042499
0 0.032525
0 0.032564
0 0.026380
0 0.032329
0 0.030592
0 0.026329
0 0.029548
0 0.031467
0 0.026530
0 0.032378
0 0.041760
0 0.038872
0 0.038722
0 0.039909
0 0.042039
0 0.036373
0 0.038074
0 0.036609
0 0.037894
0 0.036582
0 0.038476
0 0.039321
0 0.034852
0 0.040716
0 0.032655
0 0.035736
0 0.042456
0 0.037193
0 0.038880
0 0.037563
0 0.038936
0 0.037109
0 0.038095
0 0.038635
0 0.039608
0 0.040926
0 0.031011
0 0.031097
0 0.030255
0 0.031082
0 0.030325
0 0.030124
0 0.030571
0 0.027226
0 0.030184
0 0.032230
0 0.030622
0 0.030378
0 0.030557
0 0.030507
0 0.030320
0 0.029527
0 0.030809
0 0.030445
0 0.030367
0 0.030335
0 0.030539
0 0.030314
0 0.030733
0 0.029611
0 0.030427
0 0.030157
0 0.033150
0 0.030504
0 0.030458
0 0.032368
0 0.030886
0 0.026163
0 0.029717
0 0.030647
0 0.030178
0 0.030443
0 0.030350
0 0.030316
0 0.030227
0 0.028870
0 0.029529
0 0.030427
0 0.030400
0 0.030414
0 0.030486
0 0.030282
0 0.030225
0 0.030420
0 0.023217
0 0.032405
0 0.030414
0 0.026939
0 0.029971
0 0.030342
0 0.030611
0 0.030303
0 0.029380
0 0.030262
0 0.030444
0 0.030376
0 0.030460
0 0.030681
0 0.028101
0 0.030741
0 0.029965
0 0.029513
0 0.030730
0 0.030778
0 0.030510
0 0.032569
0 0.025011
0 0.026565
0 0.030516
0 0.027182
0 0.030607
0 0.030452
0 0.030686
0 0.030404
0 0.030370
0 0.031909
0 0.030408
0 0.029595
0 0.031590
0 0.030408
0 0.030545
0 0.030367
0 0.030655
0 0.029966
0 0.030471
0 0.029574
0 0.030622
0 0.030480
0 0.030344
0 0.030393
0 0.030349
0 0.030414
0 0.030156
0 0.028795
0 0.030383
0 0.030291
0 0.030078
0 0.030155
0 0.030356
0 0.028308
0 0.030164
0 0.030370
0 0.029916
0 0.030329
0 0.030597
0 0.032267
0 0.030269
0 0.030523
0 0.030597
0 0.030386
0 0.023744
0 0.030492
0 0.030515
0 0.030226
0 0.028731
0 0.030408
0 0.030162
0 0.030002
0 0.029379
0 0.031467
0 0.030284
0 0.030157
0 0.030492
0 0.030285
0 0.030011
0 0.032620
0 0.027014
0 0.028816
0 0.030518
0 0.030274
0 0.030111
0 0.030378
0 0.030588
0 0.030291
0 0.030060
0 0.029583
0 0.030354
0 0.030601
0 0.030266
0 0.030353
0 0.030351
0 0.030330
0 0.030636
0 0.024534
0 0.030489
0 0.031228
0 0.031562
0 0.030384
0 0.030211
0 0.030159
0 0.030089
0 0.027240
0 0.028643
0 0.030273
0 0.030298
0 0.030226
0 0.030318
0 0.030200
0 0.030235
0 0.029744
0 0.031533
0 0.030105
0 0.030543
2 0.026744
2 0.031056
2 0.023527
2 0.023686
2 0.023738
2 0.023247
2 0.023298
2 0.023251
2 0.141384
2 0.134601
2 0.107231
2 0.167811
2 0.141715
2 0.121216
2 0.148417
2 0.159187
2 0.119008
2 0.156624
2 0.164521
2 0.132831
2 0.141111
2 0.157125
2 0.136959
2 0.152964
2 0.131973
2 0.120808
2 0.115757
2 0.114984
2 0.140848
2 0.158147
2 0.139171
2 0.144255
2 0.136954
2 0.134687
2 0.161848
2 0.144331
2 0.129288
2 0.153972
2 0.149881
2 0.121741
2 0.165032
2 0.137823
2 0.141903
2 0.135068
2 0.133054
2 0.131928
2 0.148384
2 0.160624
2 0.133187
2 0.132267
2 0.140165
2 0.161277
2 0.151853
2 0.141696
2 0.156611
2 0.128803
2 0.149433
2 0.149004
2 0.136603
2 0.144569
2 0.158676
2 0.146699
2 0.132306
2 0.116512
2 0.148935
2 0.154744
2 0.129474
2 0.158773
2 0.144110
2 0.130840
