1 0.039855
1 0.036069
1 0.029877
1 0.029760
1 0.029129
1 0.029875
1 0.029384
1 0.024529
1 0.026116
1 0.023382
1 0.023224
1 0.023209
1 0.027998
1 0.029989
1 0.029910
1 0.029378
1 0.029044
1 0.029555
1 0.029843
1 0.030439
1 0.032382
1 0.029955
1 0.029942
1 0.030213
1 0.024757
1 0.029202
1 0.030327
1 0.029932
1 0.029966
1 0.029836
1 0.030042
1 0.029937
1 0.030079
1 0.029898
1 0.033703
1 0.029081
1 0.023562
1 0.023352
1 0.023424
1 0.023696
1 0.023745
1 0.024205
1 0.029738
1 0.061868
1 0.077959
1 0.061486
1 0.029238
1 0.029646
1 0.030205
1 0.029790
1 0.029891
1 0.029784
1 0.030129
1 0.030371
1 0.028385
1 0.023309
1 0.025824
1 0.030219
1 0.035024
1 0.030157
1 0.030191
1 0.029835
1 0.030076
1 0.025736
1 0.023331
1 0.023555
1 0.025512
1 0.029621
1 0.030008
1 0.030158
1 0.030575
1 0.030073
1 0.025625
1 0.027498
1 0.029713
1 0.028150
1 0.023381
1 0.023347
1 0.023710
1 0.023298
1 0.024954
1 0.023398
1 0.023308
1 0.023485
1 0.023401
1 0.023492
1 0.023389
1 0.023304
1 0.023431
1 0.023327
1 0.023359
1 0.023576
1 0.025359
1 0.025841
1 0.029669
1 0.030405
1 0.030175
1 0.030087
1 0.030507
1 0.030150
1 0.030062
1 0.027395
1 0.030347
1 0.032650
1 0.032497
1 0.028640
1 0.029688
1 0.038090
1 0.030630
1 0.026702
1 0.031128
1 0.030237
1 0.030423
1 0.030006
1 0.030404
1 0.029838
1 0.030308
1 0.029593
1 0.030626
1 0.029966
1 0.030168
1 0.030126
1 0.030058
1 0.032045
1 0.030282
1 0.029002
1 0.030318
1 0.030207
1 0.030603
1 0.030233
1 0.030337
1 0.030206
1 0.030103
1 0.028822
1 0.028427
1 0.030049
1 0.030096
1 0.030324
1 0.030264
1 0.030176
1 0.030081
1 0.030075
1 0.027783
1 0.032510
1 0.030121
1 0.030193
1 0.030350
1 0.030588
1 0.031524
1 0.030106
1 0.027205
1 0.030174
1 0.030402
1 0.029771
1 0.026206
1 0.027229
1 0.030127
1 0.029981
1 0.030022
1 0.029980
1 0.030407
1 0.030253
1 0.030239
1 0.032653
1 0.030248
1 0.030071
1 0.029807
1 0.029647
1 0.030599
1 0.030415
1 0.030578
1 0.028758
1 0.030007
1 0.030956
1 0.031509
1 0.031214
1 0.031245
1 0.031400
1 0.031555
1 0.031904
1 0.031759
1 0.026382
1 0.031660
1 0.032903
1 0.032091
1 0.031334
1 0.031005
1 0.030261
1 0.030569
1 0.030750
1 0.024578
1 0.026199
1 0.030080
1 0.030036
1 0.030271
1 0.030016
1 0.030154
1 0.030101
1 0.030497
1 0.028179
1 0.027704
1 0.030271
1 0.030237
1 0.032364
1 0.025591
1 0.023356
1 0.023455
1 0.023335
1 0.023471
1 0.023353
1 0.025980
1 0.030263
1 0.030111
1 0.029862
1 0.030224
1 0.023230
1 0.023217
1 0.023225
1 0.023257
1 0.023256
1 0.023229
1 0.023222
1 0.023382
1 0.023275
1 0.023240
1 0.023184
1 0.023229
1 0.023390
1 0.023254
1 0.023189
1 0.023265
1 0.023279
1 0.023263
1 0.023227
1 0.023236
1 0.023260
1 0.023220
1 0.023214
1 0.023263
1 0.023218
1 0.028341
1 0.029980
1 0.029880
1 0.030014
1 0.029957
1 0.027651
1 0.029669
1 0.030128
1 0.024786
1 0.027946
1 0.029763
1 0.030281
1 0.030175
1 0.029925
1 0.030378
1 0.030230
1 0.029381
1 0.029966
1 0.030380
1 0.029772
1 0.029976
1 0.029686
1 0.029980
1 0.029963
1 0.029714
1 0.025843
1 0.029916
1 0.030085
1 0.030557
1 0.030173
1 0.029958
1 0.029934
1 0.030010
1 0.028256
1 0.029872
1 0.029660
1 0.030034
1 0.029760
1 0.029963
1 0.029652
1 0.028081
0 0.027346
0 0.031784
0 0.036761
0 0.035782
0 0.033453
0 0.034061
0 0.033908
0 0.031916
0 0.029490
0 0.023277
0 0.026197
0 0.036154
0 0.039319
0 0.030011
0 0.032368
0 0.038688
0 0.029665
0 0.037000
0 0.031955
0 0.037940
0 0.029808
0 0.030411
0 0.036159
0 0.032908
0 0.036545
0 0.029586
0 0.036689
0 0.037926
0 0.029506
0 0.036836
0 0.044563
0 0.025225
0 0.030418
0 0.058531
0 0.050548
0 0.073926
0 0.054224
0 0.054252
0 0.029602
0 0.038361
0 0.029498
0 0.037448
0 0.029660
0 0.036180
0 0.037484
0 0.037685
0 0.029311
0 0.031411
0 0.026488
0 0.034767
0 0.035441
0 0.032562
0 0.034893
0 0.037504
0 0.027168
0 0.029080
0 0.029704
0 0.027180
0 0.038793
0 0.029686
0 0.040392
0 0.029705
0 0.035375
0 0.028964
0 0.036266
0 0.031866
0 0.023261
0 0.031212
0 0.023287
0 0.030456
0 0.023297
0 0.027649
0 0.033250
0 0.023280
0 0.023232
0 0.031451
0 0.027618
0 0.023227
0 0.031888
0 0.032504
0 0.026075
0 0.036931
0 0.031928
0 0.037428
0 0.037243
0 0.029614
0 0.033079
0 0.035847
0 0.035381
0 0.029534
0 0.034914
0 0.036777
0 0.030096
0 0.035578
0 0.033604
0 0.035108
0 0.037455
0 0.037126
0 0.029655
0 0.036998
0 0.036008
0 0.032335
0 0.033688
0 0.041110
0 0.029822
0 0.037263
0 0.033953
0 0.034657
0 0.032888
0 0.033525
0 0.034959
0 0.035236
0 0.035190
0 0.036611
0 0.032511
0 0.035612
0 0.030997
0 0.037450
0 0.034999
0 0.033227
0 0.033048
0 0.038378
0 0.034896
0 0.030331
0 0.034572
0 0.034236
0 0.034504
0 0.035269
0 0.037227
0 0.035412
0 0.029835
0 0.034107
0 0.034867
0 0.034019
0 0.031130
0 0.033268
0 0.037884
0 0.035315
0 0.035423
0 0.032330
0 0.035076
0 0.037555
0 0.033554
0 0.032334
0 0.034143
0 0.036556
0 0.034586
0 0.037584
0 0.032048
0 0.037053
0 0.030173
0 0.035949
0 0.035169
0 0.037555
0 0.032863
0 0.037864
0 0.039322
0 0.026690
0 0.032519
0 0.039714
0 0.030328
0 0.040107
0 0.037487
0 0.030001
0 0.034980
0 0.031554
0 0.027309
0 0.041954
0 0.029803
0 0.038018
0 0.029471
0 0.036193
0 0.037695
0 0.032511
0 0.037611
0 0.030030
0 0.033379
0 0.035793
0 0.028355
0 0.028305
0 0.030958
0 0.023622
0 0.027210
0 0.034907
0 0.034373
0 0.037418
0 0.026805
0 0.028460
0 0.028328
0 0.028530
0 0.026353
0 0.026284
0 0.025862
0 0.033210
0 0.023336
0 0.027366
0 0.030556
0 0.024490
0 0.026661
0 0.028054
0 0.030157
0 0.023271
0 0.033580
0 0.023322
0 0.028657
0 0.028454
0 0.023262
0 0.028108
0 0.034881
0 0.037623
0 0.037430
0 0.030242
0 0.039175
0 0.029653
0 0.034196
0 0.030125
0 0.033927
0 0.034566
0 0.039999
0 0.037639
0 0.030396
0 0.038525
0 0.029824
0 0.038461
0 0.037663
0 0.029892
0 0.034145
0 0.037647
0 0.033028
0 0.035080
0 0.029693
0 0.037971
0 0.033921
0 0.033748
0 0.036358
0 0.035194
0 0.040791
0 0.030359
0 0.036435
0 0.037823
0 0.037933
0 0.029892
2 0.185937
2 0.168615
2 0.206239
2 0.176896
2 0.232701
2 0.289976
2 0.242995
2 0.213481
2 0.192711
2 0.141428
2 0.200763
2 0.196995
2 0.156010
2 0.140209
2 0.246757
2 0.199748
2 0.204014
2 0.170874
2 0.235241
2 0.194981
2 0.226184
2 0.178840
2 0.218525
2 0.194596
2 0.200319
2 0.205927
2 0.226133
2 0.199535
2 0.188034
2 0.210175
2 0.182525
2 0.188919
2 0.162043
2 0.177902
2 0.141908
2 0.191746
2 0.238369
2 0.177517
2 0.211814
2 0.208715
