0 0.021830
0 0.021901
0 0.023354
0 0.023376
0 0.023388
0 0.023391
0 0.023400
0 0.023459
0 0.023460
0 0.023535
0 0.023542
0 0.023567
0 0.023614
0 0.023932
0 0.024147
0 0.024309
0 0.024433
0 0.024518
0 0.024699
0 0.025405
0 0.025745
0 0.025790
0 0.025950
0 0.026235
0 0.026417
0 0.026471
0 0.026476
0 0.026841
0 0.026997
0 0.027037
0 0.027070
0 0.027111
0 0.027340
0 0.027344
0 0.027359
0 0.027360
0 0.027365
0 0.027367
0 0.027389
0 0.027404
0 0.027427
0 0.027455
0 0.027461
0 0.027490
0 0.027512
0 0.027529
0 0.027586
0 0.027588
0 0.027644
0 0.027646
0 0.027666
0 0.027715
0 0.027735
0 0.027748
0 0.027805
0 0.027862
0 0.027869
0 0.027879
0 0.027885
0 0.027889
0 0.027998
0 0.028012
0 0.028047
0 0.028297
0 0.028312
0 0.028451
0 0.028468
0 0.028496
0 0.028501
0 0.028509
0 0.028534
0 0.028542
0 0.028570
0 0.028654
0 0.028661
0 0.028758
0 0.028943
0 0.028957
0 0.028964
0 0.029304
0 0.029606
0 0.029741
0 0.029967
0 0.030454
0 0.030513
0 0.030562
0 0.030853
0 0.031066
0 0.031176
0 0.031215
0 0.031271
0 0.031319
0 0.031430
0 0.031472
0 0.031849
0 0.031858
0 0.031905
0 0.032049
0 0.032592
0 0.033135
0 0.033203
0 0.033376
0 0.033661
0 0.034143
0 0.034485
0 0.034590
0 0.035050
0 0.035492
0 0.035988
0 0.036236
0 0.036379
0 0.036471
0 0.036674
0 0.036831
0 0.036926
0 0.036944
0 0.036980
0 0.037056
0 0.037297
0 0.037308
0 0.037363
0 0.037420
0 0.037940
0 0.037985
0 0.038000
0 0.038252
0 0.038327
0 0.038351
0 0.038353
0 0.038359
0 0.038453
0 0.038484
0 0.038665
0 0.038764
0 0.038774
0 0.038847
0 0.038986
0 0.039185
0 0.039265
0 0.039299
0 0.039373
0 0.039382
0 0.039456
0 0.039468
0 0.039543
0 0.039550
0 0.039616
0 0.039636
0 0.039659
0 0.039681
0 0.039733
0 0.039800
0 0.039837
0 0.039911
0 0.039921
0 0.040371
0 0.040531
0 0.040639
0 0.040655
0 0.040804
0 0.040875
0 0.040972
0 0.041133
0 0.041554
0 0.041625
0 0.041916
0 0.041975
0 0.042358
0 0.043865
0 0.045910
0 0.046092
0 0.046128
0 0.046971
0 0.047658
0 0.047718
0 0.050251
0 0.050805
0 0.050840
0 0.050905
0 0.051442
0 0.052821
0 0.055941
0 0.060398
0 0.060865
0 0.063354
0 0.068156
1 0.023293
1 0.023321
1 0.023330
1 0.023383
1 0.023402
1 0.023420
1 0.023430
1 0.023433
1 0.023433
1 0.023435
1 0.023441
1 0.023441
1 0.023451
1 0.023462
1 0.023464
1 0.023482
1 0.023489
1 0.023490
1 0.023494
1 0.023523
1 0.023547
1 0.023551
1 0.023583
1 0.023721
1 0.023785
1 0.023863
1 0.023918
1 0.024738
1 0.025258
1 0.025749
1 0.025796
1 0.025919
1 0.025966
1 0.026167
1 0.026384
1 0.026557
1 0.026703
1 0.026727
1 0.026736
1 0.026911
1 0.026969
1 0.027017
1 0.027037
1 0.027097
1 0.027185
1 0.027227
1 0.027258
1 0.027327
1 0.027328
1 0.027330
1 0.027339
1 0.027344
1 0.027348
1 0.027375
1 0.027423
1 0.027453
1 0.027494
1 0.027511
1 0.027526
1 0.027538
1 0.027545
1 0.027561
1 0.027575
1 0.027583
1 0.027589
1 0.027597
1 0.027622
1 0.027624
1 0.027641
1 0.027656
1 0.027662
1 0.027662
1 0.027740
1 0.027743
1 0.027766
1 0.027774
1 0.027790
1 0.027797
1 0.027797
1 0.027800
1 0.027869
1 0.027869
1 0.027911
1 0.027915
1 0.027931
1 0.027980
1 0.028006
1 0.028025
1 0.028066
1 0.028086
1 0.028100
1 0.028136
1 0.028149
1 0.028242
1 0.028272
1 0.028274
1 0.028298
1 0.028310
1 0.028312
1 0.028355
1 0.028585
1 0.028727
1 0.028761
1 0.028832
1 0.028868
1 0.028879
1 0.028915
1 0.028971
1 0.028995
1 0.029012
1 0.029085
1 0.029170
1 0.029225
1 0.029329
1 0.029841
1 0.029877
1 0.030112
1 0.030707
1 0.030995
1 0.031045
1 0.031187
1 0.031423
1 0.031500
1 0.031573
1 0.031589
1 0.031594
1 0.032101
1 0.032141
1 0.032220
1 0.032524
1 0.032688
1 0.032721
1 0.033117
1 0.033879
1 0.034426
1 0.034719
1 0.035192
1 0.035388
1 0.036411
1 0.037145
1 0.037217
1 0.037632
1 0.037798
1 0.038013
1 0.038288
1 0.038393
1 0.038667
1 0.038699
1 0.038699
1 0.038998
1 0.039139
1 0.039170
1 0.039226
1 0.039413
1 0.039419
1 0.039434
1 0.039438
1 0.039440
1 0.039445
1 0.039534
1 0.039542
1 0.039600
1 0.039636
1 0.039637
1 0.039745
1 0.039918
1 0.039987
1 0.040185
1 0.040293
1 0.040451
1 0.041047
1 0.041087
1 0.041486
1 0.041833
1 0.042485
1 0.043967
1 0.044554
1 0.045861
1 0.046038
1 0.046124
1 0.046343
1 0.047643
1 0.047682
1 0.049136
1 0.049227
1 0.050109
1 0.051728
1 0.053622
1 0.054976
1 0.055431
1 0.055433
1 0.056339
1 0.058408
1 0.061308
1 0.127867
2 0.027606
2 0.030830
2 0.032664
2 0.033062
2 0.033580
2 0.034753
2 0.035689
2 0.039263
2 0.039700
2 0.039831
2 0.039859
2 0.040905
2 0.041031
2 0.041952
2 0.045752
2 0.052920
2 0.168984
2 0.275766
2 0.459872
2 0.531995
2 0.539824
2 0.739016
2 0.740941
2 0.840024
2 0.953807
