1 0.034313
1 0.025801
1 0.030411
1 0.030626
1 0.027223
1 0.023381
1 0.023290
1 0.023358
1 0.023386
1 0.023282
1 0.023396
1 0.023253
1 0.023268
1 0.030187
1 0.030551
1 0.030493
1 0.030707
1 0.027416
1 0.028543
1 0.030604
1 0.030282
1 0.032538
1 0.030485
1 0.030626
1 0.030534
1 0.030450
1 0.026652
1 0.029865
1 0.030730
1 0.030763
1 0.030572
1 0.030415
1 0.030591
1 0.030471
1 0.029363
1 0.034477
1 0.030856
1 0.030431
1 0.040085
1 0.052461
1 0.142815
1 0.045996
1 0.073967
1 0.040386
1 0.050919
1 0.040730
1 0.026095
1 0.023248
1 0.066222
1 0.075438
1 0.057746
1 0.049096
1 0.052650
1 0.057487
1 0.050451
1 0.030563
1 0.030316
1 0.030418
1 0.029938
1 0.030437
1 0.029610
1 0.029945
1 0.030402
1 0.030068
1 0.030547
1 0.029903
1 0.030509
1 0.030192
1 0.029297
1 0.027498
1 0.030009
1 0.030458
1 0.030527
1 0.030588
1 0.030428
1 0.030428
1 0.030407
1 0.028791
1 0.029327
1 0.030409
1 0.030255
1 0.030676
1 0.030264
1 0.030673
1 0.030632
1 0.028238
1 0.030513
1 0.030149
1 0.030861
1 0.030795
1 0.030174
1 0.030456
1 0.030554
1 0.029553
1 0.030767
1 0.030564
1 0.030400
1 0.030548
1 0.030386
1 0.030375
1 0.030344
1 0.029302
1 0.030457
1 0.030216
1 0.030539
1 0.030227
1 0.030546
1 0.030294
1 0.030487
1 0.030228
1 0.029745
1 0.030479
1 0.030417
1 0.030434
1 0.030206
1 0.030089
1 0.030330
1 0.030468
1 0.024491
1 0.029991
1 0.030357
1 0.030263
1 0.030401
1 0.030387
1 0.030616
1 0.030250
1 0.027068
1 0.023353
1 0.023328
1 0.023238
1 0.023185
1 0.023243
1 0.023343
1 0.023273
1 0.023426
1 0.030339
1 0.029030
1 0.029567
1 0.030320
1 0.030452
1 0.030326
1 0.030274
1 0.030324
1 0.030211
1 0.029928
1 0.029726
1 0.029694
1 0.029489
1 0.030162
1 0.029318
1 0.030566
1 0.030308
1 0.030436
1 0.029693
1 0.030033
1 0.029993
1 0.030535
1 0.030390
1 0.030351
1 0.030593
1 0.030100
1 0.026517
1 0.023311
1 0.023233
1 0.023307
1 0.023191
1 0.023250
1 0.023313
1 0.023194
1 0.023246
1 0.023228
1 0.023202
1 0.026088
1 0.030433
1 0.030152
1 0.030047
1 0.030079
1 0.030251
1 0.030327
1 0.029947
1 0.027054
1 0.023206
1 0.027108
1 0.030243
1 0.030250
1 0.029998
1 0.029899
1 0.029924
1 0.030127
1 0.026296
1 0.023185
1 0.023266
1 0.029700
1 0.030267
1 0.030359
1 0.030336
1 0.030123
1 0.030233
1 0.027315
1 0.030107
1 0.030156
1 0.029917
1 0.030199
1 0.026198
1 0.023215
1 0.028432
1 0.027107
1 0.026777
1 0.030197
1 0.030223
1 0.030099
1 0.030257
1 0.030071
1 0.029662
1 0.030389
1 0.028186
1 0.030497
1 0.028676
1 0.030065
1 0.030211
1 0.030273
1 0.030309
1 0.030412
1 0.029264
1 0.030430
1 0.030224
1 0.030265
1 0.030135
1 0.030299
1 0.030260
1 0.030462
1 0.029652
1 0.030366
1 0.029638
1 0.030386
1 0.030673
1 0.028474
1 0.027571
1 0.030470
1 0.029877
1 0.029671
1 0.030265
1 0.030546
1 0.030161
1 0.027988
1 0.023249
1 0.023232
1 0.023208
0 0.023406
0 0.029249
0 0.039178
0 0.030562
0 0.029530
0 0.028436
0 0.027953
0 0.029065
0 0.023314
0 0.029476
0 0.027257
0 0.028633
0 0.035304
0 0.035045
0 0.036536
0 0.031342
0 0.036456
0 0.030082
0 0.037577
0 0.035182
0 0.034405
0 0.037605
0 0.030043
0 0.031141
0 0.037724
0 0.035472
0 0.037722
0 0.030207
0 0.035453
0 0.037138
0 0.035108
0 0.034070
0 0.035290
0 0.034090
0 0.034510
0 0.037224
0 0.155889
0 0.068951
0 0.044820
0 0.046482
0 0.044116
0 0.039627
0 0.023383
0 0.023443
0 0.023470
0 0.023326
0 0.023342
0 0.023884
0 0.025607
0 0.027001
0 0.042474
0 0.047390
0 0.046981
0 0.050075
0 0.053402
0 0.038021
0 0.037971
0 0.032882
0 0.037944
0 0.035306
0 0.035032
0 0.033050
0 0.038006
0 0.032956
0 0.037693
0 0.037291
0 0.032794
0 0.035264
0 0.035725
0 0.038047
0 0.030737
0 0.038074
0 0.033091
0 0.037937
0 0.036842
0 0.031534
0 0.035785
0 0.038045
0 0.033157
0 0.034714
0 0.036360
0 0.033938
0 0.038907
0 0.035251
0 0.036123
0 0.037329
0 0.030672
0 0.037637
0 0.037584
0 0.032731
0 0.035616
0 0.039179
0 0.037434
0 0.032961
0 0.037592
0 0.035041
0 0.034680
0 0.037774
0 0.030533
0 0.039502
0 0.035327
0 0.033061
0 0.035462
0 0.034889
0 0.037941
0 0.035873
0 0.035258
0 0.034956
0 0.033269
0 0.027858
0 0.036680
0 0.037831
0 0.035684
0 0.032505
0 0.037773
0 0.034277
0 0.030804
0 0.029727
0 0.030827
0 0.023363
0 0.023326
0 0.031213
0 0.027887
0 0.028678
0 0.038272
0 0.030544
0 0.038392
0 0.032965
0 0.034360
0 0.034017
0 0.038120
0 0.037475
0 0.032078
0 0.036541
0 0.032414
0 0.037625
0 0.035593
0 0.037942
0 0.033822
0 0.034744
0 0.032105
0 0.037722
0 0.035310
0 0.034378
0 0.035937
0 0.035339
0 0.029845
0 0.028361
0 0.023347
0 0.031906
0 0.023395
0 0.025758
0 0.033214
0 0.023319
0 0.033791
0 0.027641
0 0.040252
0 0.030135
0 0.040189
0 0.030340
0 0.035862
0 0.039752
0 0.025591
0 0.023257
0 0.043772
0 0.030491
0 0.033405
0 0.040253
0 0.029895
0 0.036787
0 0.028678
0 0.023258
0 0.045118
0 0.030615
0 0.030164
0 0.040138
0 0.030171
0 0.037579
0 0.030083
0 0.040483
0 0.034749
0 0.033419
0 0.027011
0 0.041285
0 0.025675
0 0.028966
0 0.032747
0 0.041196
0 0.032829
0 0.040765
0 0.032318
0 0.038846
0 0.030584
0 0.033976
0 0.034899
0 0.037428
0 0.030178
0 0.035812
0 0.035557
0 0.036022
0 0.032429
0 0.040767
0 0.030281
0 0.041115
0 0.030050
0 0.042681
0 0.030324
0 0.036669
0 0.034703
0 0.036101
0 0.034299
0 0.033833
0 0.033680
0 0.038016
0 0.037595
0 0.030763
0 0.039146
0 0.023274
0 0.029859
0 0.027090
2 0.161480
2 0.175131
2 0.224031
2 0.207182
2 0.190579
2 0.204687
2 0.317745
2 0.023263
2 0.023444
2 0.023337
2 0.023324
2 0.284962
2 0.056761
2 0.025290
2 0.023577
2 0.026550
2 0.030122
2 0.164878
2 0.207284
2 0.214386
2 0.210541
2 0.214227
2 0.219770
2 0.190029
2 0.229822
2 0.217597
2 0.181589
2 0.197236
2 0.195779
2 0.217995
2 0.212755
2 0.197917
2 0.187097
2 0.145354
2 0.223906
2 0.195932
2 0.182453
2 0.220857
2 0.164071
2 0.253786
2 0.217609
2 0.189622
2 0.226344
2 0.191296
