0, 0.023210
0, 0.023236
0, 0.023256
0, 0.023256
0, 0.023264
0, 0.023274
0, 0.023326
0, 0.023383
0, 0.023399
0, 0.023414
0, 0.023452
0, 0.023724
0, 0.024061
0, 0.024186
0, 0.024663
0, 0.025673
0, 0.025674
0, 0.026123
0, 0.026189
0, 0.026670
0, 0.026891
0, 0.026993
0, 0.026994
0, 0.027208
0, 0.027218
0, 0.027267
0, 0.027288
0, 0.027339
0, 0.027347
0, 0.027584
0, 0.027787
0, 0.027855
0, 0.028280
0, 0.028312
0, 0.028402
0, 0.028444
0, 0.028465
0, 0.028508
0, 0.028609
0, 0.028648
0, 0.028710
0, 0.028723
0, 0.028727
0, 0.029030
0, 0.029047
0, 0.029050
0, 0.029093
0, 0.029161
0, 0.029181
0, 0.029186
0, 0.029200
0, 0.029291
0, 0.029408
0, 0.029415
0, 0.029456
0, 0.029476
0, 0.029487
0, 0.029512
0, 0.029538
0, 0.029552
0, 0.029577
0, 0.029591
0, 0.029604
0, 0.029650
0, 0.029651
0, 0.029666
0, 0.029713
0, 0.029718
0, 0.029722
0, 0.029723
0, 0.029723
0, 0.029725
0, 0.029734
0, 0.029755
0, 0.029761
0, 0.029763
0, 0.029764
0, 0.029771
0, 0.029774
0, 0.029774
0, 0.029792
0, 0.029795
0, 0.029802
0, 0.029807
0, 0.029808
0, 0.029809
0, 0.029811
0, 0.029812
0, 0.029812
0, 0.029816
0, 0.029817
0, 0.029819
0, 0.029827
0, 0.029837
0, 0.029845
0, 0.029846
0, 0.029846
0, 0.029854
0, 0.029856
0, 0.029856
0, 0.029859
0, 0.029860
0, 0.029871
0, 0.029872
0, 0.029879
0, 0.029886
0, 0.029896
0, 0.029909
0, 0.029909
0, 0.029912
0, 0.029914
0, 0.029914
0, 0.029916
0, 0.029922
0, 0.029924
0, 0.029925
0, 0.029935
0, 0.029935
0, 0.029936
0, 0.029938
0, 0.029940
0, 0.029945
0, 0.029955
0, 0.029958
0, 0.029960
0, 0.029961
0, 0.029966
0, 0.029968
0, 0.029974
0, 0.029976
0, 0.029979
0, 0.029980
0, 0.029988
0, 0.029990
0, 0.030007
0, 0.030021
0, 0.030022
0, 0.030022
0, 0.030025
0, 0.030026
0, 0.030033
0, 0.030040
0, 0.030040
0, 0.030046
0, 0.030048
0, 0.030054
0, 0.030056
0, 0.030062
0, 0.030064
0, 0.030065
0, 0.030065
0, 0.030068
0, 0.030068
0, 0.030069
0, 0.030071
0, 0.030072
0, 0.030074
0, 0.030075
0, 0.030079
0, 0.030080
0, 0.030084
0, 0.030089
0, 0.030100
0, 0.030118
0, 0.030120
0, 0.030123
0, 0.030130
0, 0.030133
0, 0.030134
0, 0.030138
0, 0.030140
0, 0.030154
0, 0.030157
0, 0.030164
0, 0.030167
0, 0.030176
0, 0.030179
0, 0.030189
0, 0.030194
0, 0.030195
0, 0.030198
0, 0.030200
0, 0.030202
0, 0.030204
0, 0.030208
0, 0.030217
0, 0.030219
0, 0.030225
0, 0.030226
0, 0.030226
0, 0.030232
0, 0.030247
0, 0.030251
0, 0.030252
0, 0.030253
0, 0.030253
0, 0.030255
0, 0.030259
0, 0.030262
0, 0.030264
0, 0.030265
0, 0.030268
0, 0.030274
0, 0.030275
0, 0.030280
0, 0.030282
0, 0.030282
0, 0.030293
0, 0.030294
0, 0.030294
0, 0.030296
0, 0.030296
0, 0.030306
0, 0.030309
0, 0.030320
0, 0.030322
0, 0.030332
0, 0.030333
0, 0.030334
0, 0.030339
0, 0.030343
0, 0.030345
0, 0.030345
0, 0.030356
0, 0.030356
0, 0.030367
0, 0.030381
0, 0.030402
0, 0.030403
0, 0.030404
0, 0.030417
0, 0.030429
0, 0.030447
0, 0.030457
0, 0.030490
0, 0.030493
0, 0.030517
0, 0.030518
0, 0.030542
0, 0.030551
0, 0.030594
0, 0.030628
0, 0.030635
0, 0.030724
0, 0.030779
0, 0.030811
0, 0.030862
0, 0.030879
0, 0.030889
0, 0.030898
0, 0.030974
0, 0.031024
0, 0.031147
0, 0.031244
0, 0.031290
0, 0.031342
0, 0.031447
0, 0.031451
0, 0.031625
0, 0.031802
0, 0.031878
0, 0.031884
0, 0.031903
0, 0.032029
0, 0.032066
0, 0.032149
0, 0.032750
0, 0.032783
0, 0.032868
0, 0.032973
0, 0.033200
0, 0.034116
0, 0.035488
0, 0.035500
0, 0.035627
0, 0.035639
0, 0.035646
0, 0.035963
0, 0.036011
0, 0.036198
0, 0.036200
0, 0.038461
0, 0.042574
0, 0.044207
0, 0.055041
0, 0.056785
0, 0.058165
0, 0.062436
0, 0.075183
1, 0.023258
1, 0.023269
1, 0.023307
1, 0.023318
1, 0.024049
1, 0.024801
1, 0.025695
1, 0.025890
1, 0.026035
1, 0.026053
1, 0.026220
1, 0.026263
1, 0.026295
1, 0.026369
1, 0.026594
1, 0.026631
1, 0.026674
1, 0.026693
1, 0.027030
1, 0.027245
1, 0.027445
1, 0.027674
1, 0.027774
1, 0.028101
1, 0.028220
1, 0.028254
1, 0.028264
1, 0.028480
1, 0.028505
1, 0.029021
1, 0.029176
1, 0.029431
1, 0.029483
1, 0.029510
1, 0.029513
1, 0.029531
1, 0.029567
1, 0.029603
1, 0.029635
1, 0.029640
1, 0.029648
1, 0.029685
1, 0.029688
1, 0.029725
1, 0.029734
1, 0.029767
1, 0.029785
1, 0.029789
1, 0.029801
1, 0.029832
1, 0.029844
1, 0.029850
1, 0.029857
1, 0.029858
1, 0.029865
1, 0.029867
1, 0.029874
1, 0.029878
1, 0.029881
1, 0.029889
1, 0.029891
1, 0.029893
1, 0.029908
1, 0.029915
1, 0.029920
1, 0.029923
1, 0.029936
1, 0.029938
1, 0.029941
1, 0.029948
1, 0.029955
1, 0.029968
1, 0.030019
1, 0.030020
1, 0.030022
1, 0.030025
1, 0.030033
1, 0.030049
1, 0.030055
1, 0.030068
1, 0.030073
1, 0.030074
1, 0.030096
1, 0.030104
1, 0.030104
1, 0.030107
1, 0.030110
1, 0.030123
1, 0.030133
1, 0.030154
1, 0.030175
1, 0.030189
1, 0.030196
1, 0.030205
1, 0.030210
1, 0.030220
1, 0.030231
1, 0.030245
1, 0.030252
1, 0.030256
1, 0.030259
1, 0.030270
1, 0.030286
1, 0.030305
1, 0.030314
1, 0.030347
1, 0.030353
1, 0.030357
1, 0.030396
1, 0.030422
1, 0.030423
1, 0.030450
1, 0.030587
1, 0.030734
1, 0.031030
1, 0.031035
1, 0.031403
1, 0.031412
1, 0.031445
1, 0.031725
1, 0.031799
1, 0.031996
1, 0.032014
1, 0.032072
1, 0.032177
1, 0.032226
1, 0.032252
1, 0.032264
1, 0.032323
1, 0.032331
1, 0.032346
1, 0.032379
1, 0.032389
1, 0.032393
1, 0.032395
1, 0.032397
1, 0.032399
1, 0.032422
1, 0.032458
1, 0.032458
1, 0.032499
1, 0.032536
1, 0.032564
1, 0.032613
1, 0.032644
1, 0.032650
1, 0.032654
1, 0.032670
1, 0.032691
1, 0.032729
1, 0.032733
1, 0.032735
1, 0.032792
1, 0.032820
1, 0.032831
1, 0.032839
1, 0.032895
1, 0.032907
1, 0.032924
1, 0.032934
1, 0.032943
1, 0.032988
1, 0.033005
1, 0.033022
1, 0.033063
1, 0.033134
1, 0.033147
1, 0.033174
1, 0.033212
1, 0.033323
1, 0.033400
1, 0.033508
1, 0.033523
1, 0.033528
1, 0.033633
1, 0.033688
1, 0.033822
1, 0.033828
1, 0.033956
1, 0.033991
1, 0.034075
1, 0.034091
1, 0.034126
1, 0.034140
1, 0.034169
1, 0.034281
1, 0.034309
1, 0.034328
1, 0.034392
1, 0.034432
1, 0.034441
1, 0.034460
1, 0.034508
1, 0.034586
1, 0.034646
1, 0.034669
1, 0.034692
1, 0.034749
1, 0.034766
1, 0.034847
1, 0.034857
1, 0.034858
1, 0.034893
1, 0.034906
1, 0.034908
1, 0.034951
1, 0.034975
1, 0.035059
1, 0.035088
1, 0.035095
1, 0.035097
1, 0.035100
1, 0.035104
1, 0.035107
1, 0.035114
1, 0.035121
1, 0.035149
1, 0.035153
1, 0.035170
1, 0.035323
1, 0.035328
1, 0.035339
1, 0.035358
1, 0.035363
1, 0.035471
1, 0.035490
1, 0.035491
1, 0.035527
1, 0.035613
1, 0.035631
1, 0.035656
1, 0.035725
1, 0.035730
1, 0.035778
1, 0.035899
1, 0.036060
1, 0.036111
1, 0.036149
1, 0.036201
1, 0.036269
1, 0.036386
1, 0.036503
1, 0.036514
1, 0.036614
1, 0.036723
1, 0.036736
1, 0.036886
1, 0.037568
1, 0.037693
1, 0.037697
1, 0.037812
1, 0.037823
1, 0.037931
1, 0.037931
1, 0.037940
1, 0.038002
1, 0.038106
1, 0.038163
1, 0.038175
1, 0.038262
1, 0.038922
1, 0.040226
1, 0.040608
1, 0.045183
1, 0.055626
1, 0.057688
1, 0.058004
1, 0.065826
1, 0.074390
2, 0.027139
2, 0.027456
2, 0.030086
2, 0.030180
2, 0.213955
2, 0.268631
2, 0.273499
2, 0.273767
2, 0.282115
2, 0.285223
2, 0.286586
2, 0.288054
2, 0.288786
2, 0.289178
2, 0.290904
2, 0.293060
2, 0.295597
2, 0.299904
2, 0.302967
2, 0.304161
2, 0.305871
2, 0.308948
2, 0.312454
2, 0.319586
2, 0.321497
2, 0.324006
2, 0.329149
2, 0.332904
2, 0.334323
2, 0.345225
2, 0.353615
2, 0.376342
