0 0.029269
0 0.027677
0 0.023337
0 0.025071
0 0.030387
0 0.030564
0 0.030375
0 0.030420
0 0.030427
0 0.030599
0 0.030613
0 0.028932
0 0.030234
0 0.030105
0 0.030121
0 0.030355
0 0.030162
0 0.029668
0 0.030423
0 0.030443
0 0.023728
0 0.023281
0 0.023355
0 0.023284
0 0.023260
0 0.023273
0 0.023300
0 0.023311
0 0.023277
0 0.023272
0 0.023422
0 0.026697
0 0.030108
0 0.030401
0 0.030602
0 0.030248
0 0.029850
0 0.030473
0 0.030368
0 0.029733
0 0.049054
0 0.064569
0 0.095727
0 0.029215
0 0.052901
0 0.023474
0 0.023278
0 0.029907
0 0.030284
0 0.030270
0 0.030237
0 0.025038
0 0.023763
0 0.023527
0 0.023635
0 0.023300
0 0.023318
0 0.023385
0 0.023263
0 0.023340
0 0.023484
0 0.024612
0 0.030222
0 0.030437
0 0.030063
0 0.030016
0 0.030123
0 0.030221
0 0.030256
0 0.030132
0 0.029428
0 0.030036
0 0.030495
0 0.030310
0 0.030562
0 0.030521
0 0.030232
0 0.030704
0 0.027943
0 0.030255
0 0.030048
0 0.030109
0 0.029990
0 0.030259
0 0.030398
0 0.030322
0 0.026693
0 0.023411
0 0.023250
0 0.023260
0 0.023298
0 0.023292
0 0.023262
0 0.023263
0 0.023262
0 0.023303
0 0.023313
0 0.025288
0 0.030045
0 0.030117
0 0.030159
0 0.029994
0 0.030108
0 0.029968
0 0.030232
0 0.026721
0 0.027956
0 0.030210
0 0.030029
0 0.030315
0 0.030216
0 0.030006
0 0.029953
0 0.029824
0 0.023283
0 0.023260
0 0.023300
0 0.023260
0 0.023290
0 0.023274
0 0.023296
0 0.023261
0 0.023314
0 0.023246
0 0.025030
0 0.030016
0 0.029540
0 0.025848
0 0.030383
0 0.030247
0 0.024227
0 0.023262
0 0.026724
0 0.028739
0 0.025968
0 0.030267
0 0.030199
0 0.027519
0 0.029995
0 0.032059
0 0.030096
0 0.026739
0 0.023964
0 0.023361
0 0.023261
0 0.023339
0 0.023265
0 0.023336
0 0.023349
0 0.023310
0 0.023266
0 0.023299
0 0.024909
0 0.030337
0 0.030578
0 0.030042
0 0.030158
0 0.030338
0 0.030480
0 0.030204
0 0.029821
0 0.024710
0 0.030379
0 0.030410
0 0.030431
0 0.029907
0 0.030360
0 0.030476
0 0.030172
0 0.025204
0 0.027527
0 0.030209
0 0.030324
0 0.030078
0 0.030449
0 0.030113
0 0.027678
0 0.023326
0 0.023445
0 0.029659
0 0.030227
0 0.030525
0 0.030063
0 0.030393
0 0.030394
0 0.030419
0 0.026849
0 0.023279
0 0.023260
0 0.023301
0 0.023254
0 0.023327
0 0.023281
0 0.023283
0 0.023261
0 0.023304
0 0.023537
0 0.023382
0 0.023380
0 0.023280
0 0.023285
0 0.023224
0 0.023298
0 0.023251
0 0.023287
0 0.023247
0 0.023265
0 0.027162
0 0.030393
0 0.030537
0 0.030477
0 0.030117
0 0.030527
0 0.027522
0 0.023368
0 0.025238
0 0.030578
0 0.030484
0 0.030756
0 0.028010
0 0.027272
0 0.029707
0 0.030318
0 0.024946
0 0.029644
0 0.030644
0 0.030411
0 0.028382
0 0.024716
0 0.030551
0 0.030779
0 0.030887
0 0.030401
0 0.030636
0 0.026283
0 0.030206
0 0.027074
0 0.030561
0 0.030615
0 0.030398
0 0.030299
0 0.028808
0 0.030577
0 0.030671
0 0.030198
0 0.030622
0 0.030595
0 0.028983
0 0.023317
0 0.023382
0 0.023489
0 0.023355
0 0.023340
0 0.023356
0 0.023339
0 0.023322
0 0.023286
0 0.026710
0 0.029628
0 0.030219
0 0.030750
0 0.030610
0 0.030366
0 0.024673
0 0.025377
0 0.030379
0 0.030298
0 0.030384
0 0.030957
0 0.030341
0 0.023333
0 0.023354
0 0.023353
0 0.023351
0 0.023325
0 0.023397
0 0.023350
0 0.023304
0 0.023386
0 0.025000
0 0.024169
0 0.030311
0 0.030459
0 0.027824
0 0.024333
0 0.029509
1 0.036321
1 0.031107
1 0.028528
1 0.032126
1 0.036554
1 0.030334
1 0.038122
1 0.035597
1 0.030733
1 0.038290
1 0.028926
1 0.035798
1 0.032737
1 0.034424
1 0.038089
1 0.033819
1 0.033016
1 0.032600
1 0.027306
1 0.025902
1 0.025786
1 0.026695
1 0.028264
1 0.023208
1 0.031118
1 0.023377
1 0.028385
1 0.027104
1 0.035240
1 0.037938
1 0.034631
1 0.030565
1 0.039326
1 0.033013
1 0.040465
1 0.029662
1 0.030688
1 0.028727
1 0.028454
1 0.030627
1 0.038330
1 0.073558
1 0.057911
1 0.032903
1 0.032710
1 0.038263
1 0.030663
1 0.027692
1 0.026776
1 0.029136
1 0.026022
1 0.026178
1 0.028486
1 0.023341
1 0.025980
1 0.028228
1 0.035492
1 0.033741
1 0.037061
1 0.033183
1 0.033326
1 0.034999
1 0.036448
1 0.033287
1 0.035426
1 0.030923
1 0.035793
1 0.035216
1 0.038096
1 0.034636
1 0.027932
1 0.035320
1 0.036575
1 0.034786
1 0.037692
1 0.034762
1 0.033307
1 0.032325
1 0.025934
1 0.026112
1 0.026878
1 0.026737
1 0.027948
1 0.023559
1 0.030552
1 0.023401
1 0.027111
1 0.031345
1 0.033226
1 0.036415
1 0.035894
1 0.034689
1 0.033118
1 0.038265
1 0.024524
1 0.037057
1 0.032977
1 0.033538
1 0.039196
1 0.030348
1 0.039489
1 0.027346
1 0.027117
1 0.025975
1 0.025253
1 0.030701
1 0.023384
1 0.025963
1 0.028336
1 0.026005
1 0.026014
1 0.034909
1 0.034958
1 0.030600
1 0.035707
1 0.031674
1 0.030224
1 0.025175
1 0.032550
1 0.031311
1 0.034269
1 0.034745
1 0.031166
1 0.033700
1 0.035850
1 0.032275
1 0.024852
1 0.029344
1 0.023375
1 0.025954
1 0.031057
1 0.025302
1 0.028283
1 0.023381
1 0.028685
1 0.028261
1 0.039637
1 0.030783
1 0.034733
1 0.035129
1 0.033111
1 0.036051
1 0.031268
1 0.035771
1 0.030740
1 0.035096
1 0.032525
1 0.037192
1 0.033669
1 0.036534
1 0.028692
1 0.033798
1 0.034545
1 0.037612
1 0.030704
1 0.037903
1 0.028065
1 0.026961
1 0.031339
1 0.032347
1 0.035837
1 0.031810
1 0.036621
1 0.034639
1 0.034801
1 0.026900
1 0.027315
1 0.025417
1 0.027353
1 0.029302
1 0.023451
1 0.027144
1 0.029015
1 0.025884
1 0.026017
1 0.027297
1 0.026083
1 0.025882
1 0.027644
1 0.028349
1 0.023472
1 0.030458
1 0.023501
1 0.035322
1 0.030529
1 0.037983
1 0.030244
1 0.035310
1 0.033093
1 0.031579
1 0.028809
1 0.032979
1 0.033263
1 0.033723
1 0.036076
1 0.029624
1 0.032567
1 0.026749
1 0.037311
1 0.030418
1 0.037879
1 0.024230
1 0.034835
1 0.036594
1 0.038807
1 0.030278
1 0.031814
1 0.033713
1 0.040304
1 0.030361
1 0.030412
1 0.035892
1 0.034161
1 0.036693
1 0.030342
1 0.037624
1 0.030369
1 0.037896
1 0.029068
1 0.028391
1 0.025834
1 0.025903
1 0.028399
1 0.023329
1 0.030838
1 0.023274
1 0.025901
1 0.034800
1 0.030493
1 0.037580
1 0.035683
1 0.037732
1 0.024875
1 0.024958
1 0.036481
1 0.035168
1 0.037822
1 0.030239
1 0.026411
1 0.027923
1 0.027797
1 0.023353
1 0.027892
1 0.030775
1 0.023269
1 0.028208
1 0.023459
1 0.035327
1 0.030159
1 0.037750
1 0.034394
1 0.026375
1 0.029155
2 0.226610
2 0.257936
2 0.230153
2 0.200314
2 0.240211
2 0.341377
2 0.207096
2 0.216415
2 0.246651
2 0.278031
2 0.228680
2 0.217001
2 0.281953
2 0.230827
2 0.213023
2 0.219851
2 0.255448
2 0.174817
2 0.282574
2 0.233553
2 0.261119
2 0.259880
2 0.185815
2 0.191395
2 0.239860
2 0.237623
2 0.246370
2 0.224246
2 0.228602
2 0.254369
2 0.243759
2 0.229732
2 0.220250
