2 0.100298
2 0.091582
2 0.101965
2 0.101879
2 0.114597
2 0.098907
2 0.082786
2 0.080225
2 0.083357
2 0.084226
2 0.112220
2 0.128397
2 0.131553
2 0.111297
2 0.117316
2 0.109060
2 0.099184
2 0.105775
2 0.101866
2 0.086175
2 0.110273
2 0.073513
2 0.099840
2 0.112520
2 0.099752
2 0.101514
2 0.104861
2 0.099302
2 0.104154
2 0.107749
2 0.104657
2 0.107348
2 0.093240
2 0.104506
2 0.100423
2 0.088629
2 0.118893
2 0.089347
2 0.101446
2 0.098832
2 0.095789
2 0.103873
2 0.109635
2 0.092201
2 0.105497
2 0.091452
2 0.098515
2 0.109511
2 0.101445
2 0.102492
2 0.096278
2 0.089747
2 0.099413
2 0.100816
2 0.098978
2 0.090370
2 0.123929
2 0.099225
2 0.109284
2 0.085925
2 0.107466
2 0.100011
2 0.108440
2 0.083104
2 0.116110
2 0.081471
2 0.077677
2 0.083552
2 0.098449
2 0.086266
2 0.113546
2 0.101233
2 0.093025
1 0.039874
1 0.039136
1 0.036373
1 0.041949
1 0.041393
1 0.040436
1 0.043478
1 0.045276
1 0.037367
1 0.044268
1 0.037722
1 0.044916
1 0.044868
1 0.042465
1 0.040653
1 0.037081
1 0.032184
1 0.033213
1 0.033296
1 0.030355
1 0.038216
1 0.028240
1 0.037008
1 0.037457
1 0.044678
1 0.046012
1 0.050021
1 0.048933
1 0.053043
1 0.062974
1 0.055071
1 0.053541
1 0.056315
1 0.037606
1 0.047662
1 0.040245
1 0.042460
1 0.041689
1 0.040336
1 0.039737
1 0.043001
1 0.044598
1 0.043609
1 0.040308
1 0.039658
1 0.044878
1 0.045803
1 0.037749
1 0.044964
1 0.039288
1 0.038488
1 0.034420
1 0.035648
1 0.035916
1 0.044623
1 0.042777
1 0.038382
1 0.043341
1 0.045653
1 0.038857
1 0.043326
1 0.041989
1 0.038920
1 0.039910
1 0.044833
1 0.042355
1 0.043203
1 0.040082
1 0.043568
1 0.040331
1 0.043206
1 0.041588
1 0.047372
1 0.037525
1 0.044632
1 0.037179
1 0.048122
1 0.042047
1 0.042760
1 0.040039
1 0.046755
1 0.037904
1 0.042482
1 0.038785
1 0.047241
1 0.036820
1 0.048519
1 0.038469
1 0.045887
1 0.041128
1 0.041635
1 0.045084
1 0.034373
1 0.045384
1 0.045527
1 0.038915
1 0.043536
1 0.038279
1 0.046597
1 0.039222
1 0.032055
1 0.045584
1 0.037947
1 0.046016
1 0.046193
1 0.040377
1 0.038068
1 0.045575
1 0.041803
1 0.042746
1 0.037770
1 0.046760
1 0.038202
1 0.043598
1 0.041952
1 0.038767
1 0.048621
1 0.041338
1 0.037652
1 0.043363
1 0.048258
1 0.035498
1 0.043221
1 0.045616
1 0.037768
1 0.045612
1 0.042435
1 0.034004
1 0.042802
1 0.041432
1 0.043216
1 0.042754
1 0.043637
1 0.036431
1 0.043508
1 0.039168
1 0.043302
1 0.043961
1 0.041531
1 0.035959
1 0.040600
1 0.045173
1 0.042757
1 0.041212
1 0.043256
1 0.043024
1 0.038280
1 0.039239
1 0.049994
1 0.037709
1 0.044907
1 0.035953
1 0.044794
1 0.039344
1 0.039070
1 0.044872
1 0.038756
1 0.032901
1 0.037649
1 0.032161
1 0.029233
1 0.040477
1 0.027914
1 0.034195
1 0.040435
1 0.038862
1 0.045211
1 0.045015
1 0.039299
1 0.040607
1 0.036583
1 0.035381
1 0.041196
1 0.043965
1 0.043826
1 0.035067
1 0.039473
1 0.043214
0 0.032723
0 0.030271
0 0.028557
0 0.027901
0 0.028521
0 0.029533
0 0.030307
0 0.029239
0 0.030211
0 0.030039
0 0.030474
0 0.029561
0 0.029910
0 0.029688
0 0.030192
0 0.030033
0 0.030060
0 0.029995
0 0.030119
0 0.030154
0 0.032009
0 0.024884
0 0.023361
0 0.023279
0 0.023273
0 0.023303
0 0.023330
0 0.023252
0 0.023269
0 0.023287
0 0.023314
0 0.023577
0 0.029972
0 0.029789
0 0.030138
0 0.029879
0 0.034613
0 0.030215
0 0.030148
0 0.026684
0 0.056152
0 0.053752
0 0.055456
0 0.051667
0 0.047570
0 0.030257
0 0.030042
0 0.030195
0 0.030222
0 0.030037
0 0.029964
0 0.030495
0 0.028596
0 0.028037
0 0.030119
0 0.030172
0 0.029840
0 0.029667
0 0.030210
0 0.030346
0 0.030378
0 0.029393
0 0.030323
0 0.030087
0 0.029821
0 0.030310
0 0.029902
0 0.030056
0 0.029791
0 0.025886
0 0.027555
0 0.023336
0 0.023300
0 0.023961
0 0.030094
0 0.030131
0 0.030191
0 0.030117
0 0.029123
0 0.030498
0 0.030088
0 0.029823
0 0.030082
0 0.029545
0 0.030010
0 0.030245
0 0.028757
0 0.026872
0 0.030025
0 0.029867
0 0.029980
0 0.029870
0 0.030696
0 0.030337
0 0.029907
0 0.028986
0 0.029944
0 0.030227
0 0.029794
0 0.031366
0 0.030747
0 0.030162
0 0.030096
0 0.030050
0 0.030203
0 0.029924
0 0.030013
0 0.030360
0 0.030086
0 0.030255
0 0.030102
0 0.028903
0 0.030218
0 0.030219
0 0.029941
0 0.029730
0 0.029538
0 0.030205
0 0.030454
0 0.030745
0 0.029972
0 0.030203
0 0.030433
0 0.030168
0 0.030222
0 0.030151
0 0.029592
0 0.030683
0 0.027395
0 0.030308
0 0.029909
0 0.030070
0 0.030618
0 0.029114
0 0.030202
0 0.029829
0 0.027558
0 0.029953
0 0.028916
0 0.031029
0 0.026301
0 0.030599
0 0.029849
0 0.030035
0 0.030035
0 0.030001
0 0.030105
0 0.029775
0 0.029965
0 0.030120
0 0.029746
0 0.029673
0 0.029791
0 0.025744
0 0.030088
0 0.030134
0 0.029905
0 0.030462
0 0.029744
0 0.029737
0 0.031951
0 0.029604
0 0.029839
0 0.030028
0 0.029871
0 0.030065
0 0.029835
0 0.029758
0 0.030484
0 0.028898
0 0.027900
0 0.030111
0 0.029797
0 0.030237
0 0.029755
0 0.029989
0 0.029670
0 0.030028
0 0.025075
0 0.028817
0 0.031654
0 0.030398
0 0.029411
0 0.029708
0 0.030142
0 0.029924
0 0.028134
0 0.029845
0 0.029858
0 0.030285
0 0.030006
0 0.030361
0 0.032674
0 0.029799
0 0.029116
0 0.028803
0 0.029998
0 0.029943
0 0.029982
0 0.030067
0 0.030940
0 0.031957
0 0.030219
0 0.025293
0 0.030121
0 0.029781
0 0.030180
0 0.029859
0 0.030153
0 0.029824
0 0.029949
0 0.027231
0 0.029808
0 0.030437
0 0.029703
0 0.029869
0 0.030079
0 0.029638
0 0.029659
0 0.029462
0 0.023335
0 0.025303
0 0.023276
0 0.023438
0 0.023327
0 0.023342
0 0.023275
0 0.023242
0 0.023239
0 0.028183
0 0.027499
0 0.029898
0 0.030015
0 0.030183
0 0.029825
0 0.029794
0 0.030170
0 0.029039
0 0.027754
0 0.027782
0 0.028456
0 0.028302
0 0.029274
0 0.029714
0 0.029645
0 0.029590
0 0.024569
0 0.028426
0 0.030133
0 0.029243
