0 0.028992
0 0.027155
0 0.029944
0 0.030534
0 0.030244
0 0.030416
0 0.028031
0 0.030395
0 0.030872
0 0.030267
0 0.030304
0 0.030214
0 0.030191
0 0.029985
0 0.028166
0 0.028591
0 0.030230
0 0.030190
0 0.030366
0 0.030561
0 0.029771
0 0.030411
0 0.030207
0 0.023935
0 0.023265
0 0.023263
0 0.024526
0 0.030481
0 0.030096
0 0.030481
0 0.030272
0 0.030173
0 0.029628
0 0.030823
0 0.027869
0 0.030043
0 0.030577
0 0.030385
0 0.024396
0 0.043778
0 0.047509
0 0.062973
0 0.052174
0 0.052300
0 0.040758
0 0.026986
0 0.030182
0 0.029977
0 0.030087
0 0.030300
0 0.030368
0 0.029983
0 0.030172
0 0.030103
0 0.030316
0 0.030077
0 0.030340
0 0.029935
0 0.030462
0 0.030256
0 0.030521
0 0.025971
0 0.023266
0 0.023278
0 0.025148
0 0.030222
0 0.030423
0 0.030362
0 0.030338
0 0.030181
0 0.026242
0 0.027757
0 0.030178
0 0.028659
0 0.030407
0 0.030557
0 0.030505
0 0.030342
0 0.029389
0 0.030247
0 0.030108
0 0.030163
0 0.030480
0 0.030497
0 0.030383
0 0.030332
0 0.030515
0 0.023691
0 0.030884
0 0.031316
0 0.031186
0 0.031487
0 0.031709
0 0.030331
0 0.030314
0 0.029621
0 0.030155
0 0.030452
0 0.030272
0 0.030144
0 0.030662
0 0.030347
0 0.030330
0 0.026697
0 0.029824
0 0.029984
0 0.030064
0 0.030478
0 0.030345
0 0.030198
0 0.030227
0 0.028650
0 0.023281
0 0.023272
0 0.023237
0 0.023258
0 0.023293
0 0.023257
0 0.023253
0 0.023271
0 0.023319
0 0.023218
0 0.024804
0 0.030451
0 0.030698
0 0.030213
0 0.030356
0 0.030364
0 0.030347
0 0.030507
0 0.027935
0 0.030466
0 0.030324
0 0.029870
0 0.030005
0 0.030167
0 0.029935
0 0.030090
0 0.030195
0 0.027214
0 0.029891
0 0.030653
0 0.030465
0 0.030596
0 0.030273
0 0.030291
0 0.029974
0 0.026182
0 0.030506
0 0.030539
0 0.030330
0 0.030433
0 0.030381
0 0.030177
0 0.030181
0 0.027954
0 0.024497
0 0.030406
0 0.030230
0 0.030055
0 0.029971
0 0.030007
0 0.030348
0 0.030165
0 0.029261
0 0.030333
0 0.030279
0 0.030710
0 0.030287
0 0.030708
0 0.030373
0 0.030341
0 0.027799
0 0.030433
0 0.029938
0 0.030220
0 0.030313
0 0.030351
0 0.030238
0 0.030545
0 0.028538
0 0.030088
0 0.030413
0 0.030722
0 0.030617
0 0.030408
0 0.030521
0 0.030352
0 0.028407
0 0.027872
0 0.030134
0 0.030247
0 0.030292
0 0.030474
0 0.030320
0 0.030108
0 0.030471
0 0.029084
0 0.030489
0 0.030288
0 0.029686
0 0.027289
0 0.030027
0 0.030384
0 0.030298
0 0.026130
0 0.023230
0 0.023299
0 0.023228
0 0.023229
0 0.023291
0 0.023248
0 0.023246
0 0.023325
0 0.028475
0 0.027381
0 0.030279
0 0.030276
0 0.030325
0 0.030544
0 0.030301
0 0.030242
0 0.030311
0 0.028748
0 0.023238
0 0.023248
0 0.023338
0 0.023249
0 0.023239
0 0.023252
0 0.023244
0 0.023286
0 0.023229
0 0.023267
0 0.023348
0 0.028990
0 0.030265
0 0.030144
0 0.030516
0 0.030282
0 0.030486
0 0.030042
0 0.030075
0 0.025378
0 0.030768
0 0.029937
0 0.030618
0 0.030752
0 0.031086
0 0.030460
0 0.030391
0 0.029633
0 0.030341
0 0.030282
0 0.030449
0 0.030178
0 0.030111
0 0.030363
0 0.030519
0 0.029519
0 0.030388
0 0.030583
0 0.030463
0 0.030111
0 0.030287
0 0.029957
0 0.030219
0 0.029250
0 0.029988
0 0.030293
0 0.029982
0 0.030586
0 0.024026
0 0.023252
0 0.023243
0 0.023271
0 0.023285
0 0.025946
0 0.029814
0 0.030360
0 0.023472
0 0.027716
0 0.030473
0 0.030373
0 0.030390
0 0.029733
0 0.030214
0 0.030213
0 0.030567
0 0.030514
0 0.030327
0 0.030259
0 0.029356
0 0.029831
0 0.030013
0 0.030134
0 0.030254
0 0.030064
1 0.053591
1 0.033066
1 0.037036
1 0.035471
1 0.032352
1 0.033979
1 0.036271
1 0.035724
1 0.037948
1 0.033168
1 0.038385
1 0.031878
1 0.030154
1 0.037915
1 0.035776
1 0.038286
1 0.037086
1 0.035965
1 0.030245
1 0.028739
1 0.028512
1 0.025903
1 0.037136
1 0.033473
1 0.035774
1 0.038356
1 0.035433
1 0.035686
1 0.043215
1 0.038397
1 0.033789
1 0.067096
1 0.047263
1 0.064231
1 0.048440
1 0.055618
1 0.029702
1 0.031319
1 0.037248
1 0.035255
1 0.032892
1 0.035714
1 0.037606
1 0.035354
1 0.035229
1 0.034256
1 0.035918
1 0.035782
1 0.039555
1 0.034005
1 0.035686
1 0.034602
1 0.023213
1 0.027193
1 0.032969
1 0.035943
1 0.038578
1 0.033602
1 0.035720
1 0.029746
1 0.035928
1 0.033271
1 0.034259
1 0.035977
1 0.035612
1 0.039301
1 0.032165
1 0.037561
1 0.035195
1 0.035281
1 0.038374
1 0.033305
1 0.038375
1 0.024985
1 0.039641
1 0.036531
1 0.036560
1 0.036836
1 0.036404
1 0.034593
1 0.034397
1 0.035526
1 0.037964
1 0.036123
1 0.034354
1 0.036910
1 0.035028
1 0.031249
1 0.035556
1 0.040491
1 0.030391
1 0.036188
1 0.033905
1 0.036867
1 0.028072
1 0.028330
1 0.028330
1 0.024427
1 0.028893
1 0.027057
1 0.025587
1 0.030253
1 0.025835
1 0.031573
1 0.040598
1 0.030932
1 0.035813
1 0.037362
1 0.035462
1 0.038426
1 0.027969
1 0.035765
1 0.036514
1 0.037677
1 0.030310
1 0.039065
1 0.035574
1 0.031256
1 0.036951
1 0.037238
1 0.036955
1 0.033200
1 0.035931
1 0.036975
1 0.028162
1 0.036018
1 0.035170
1 0.038663
1 0.035665
1 0.034204
1 0.038523
1 0.029814
1 0.032972
1 0.038872
1 0.030376
1 0.039902
1 0.033901
1 0.035889
1 0.037619
1 0.034113
1 0.034862
1 0.035654
1 0.036749
1 0.038570
1 0.030517
1 0.033093
1 0.040552
1 0.035172
1 0.036078
1 0.030240
1 0.038098
1 0.034578
1 0.038332
1 0.031297
1 0.038927
1 0.034552
1 0.038798
1 0.036122
1 0.033255
1 0.029562
1 0.036860
1 0.036546
1 0.037836
1 0.030744
1 0.033715
1 0.041140
1 0.029574
1 0.038801
1 0.033260
1 0.036046
1 0.033524
1 0.035924
1 0.036769
1 0.034033
1 0.026080
1 0.027023
1 0.032564
1 0.023398
1 0.030209
1 0.023219
1 0.026621
1 0.033999
1 0.031287
1 0.036506
1 0.039211
1 0.030798
1 0.037598
1 0.038601
1 0.036969
1 0.034183
1 0.023345
1 0.023266
1 0.026178
1 0.028182
1 0.032187
1 0.023370
1 0.027362
1 0.030138
1 0.023246
1 0.035934
1 0.034407
1 0.037600
1 0.035664
1 0.034800
1 0.036864
1 0.030199
1 0.034199
1 0.041361
1 0.034177
1 0.036444
1 0.042546
1 0.030482
1 0.037944
1 0.030627
1 0.037926
1 0.036823
1 0.034921
1 0.039171
1 0.030834
1 0.036590
1 0.034377
1 0.036391
1 0.035828
1 0.034844
1 0.037734
1 0.035998
1 0.038346
1 0.030490
1 0.035314
1 0.039084
1 0.024688
1 0.029315
1 0.027433
1 0.023215
1 0.030352
1 0.039179
1 0.030617
1 0.026765
1 0.038828
1 0.037465
1 0.030793
1 0.032636
1 0.039713
1 0.036015
1 0.039749
1 0.030684
1 0.039516
1 0.040469
1 0.029465
1 0.035198
1 0.034076
1 0.034812
2 0.236665
2 0.201057
2 0.208406
2 0.180816
2 0.230121
2 0.279835
2 0.217825
2 0.213987
2 0.205904
2 0.177796
2 0.199177
2 0.225458
2 0.208024
2 0.217064
2 0.205081
2 0.216440
2 0.176430
2 0.163576
2 0.230186
2 0.189240
2 0.224752
2 0.224576
2 0.179465
2 0.223248
2 0.203501
2 0.215182
2 0.212123
2 0.204020
2 0.221745
2 0.137614
2 0.233832
2 0.189056
2 0.126862
2 0.210373
2 0.205362
2 0.198884
2 0.243751
2 0.214339
2 0.194822
2 0.178429
2 0.218327
2 0.220338
