0 0.023441
0 0.023490
0 0.023570
0 0.023575
0 0.023954
0 0.024527
0 0.024969
0 0.025269
0 0.026056
0 0.026935
0 0.027042
0 0.028765
0 0.028915
0 0.029193
0 0.029350
0 0.029402
0 0.029513
0 0.032106
0 0.038375
0 0.040468
0 0.041473
0 0.044337
0 0.046708
0 0.048969
0 0.051687
0 0.053126
0 0.053584
0 0.053607
0 0.055615
0 0.056533
1 0.025574
1 0.026201
1 0.026580
1 0.026655
1 0.028599
1 0.030977
1 0.031782
1 0.034300
1 0.034700
1 0.034881
1 0.035216
1 0.039283
1 0.040697
1 0.041835
1 0.044530
1 0.047799
1 0.050482
1 0.050814
1 0.051675
1 0.052814
1 0.052856
1 0.054689
1 0.055710
1 0.057513
1 0.066762
2 0.023326
2 0.025384
2 0.025545
2 0.025871
2 0.026688
2 0.029774
2 0.029983
2 0.030163
2 0.031312
2 0.032526
2 0.033655
2 0.034098
2 0.034500
2 0.048945
2 0.049460
2 0.050784
2 0.053171
2 0.055957
2 0.056945
2 0.057333
2 0.062279
2 0.064011
2 0.064418
2 0.068349
