1 0.023593
1 0.029341
1 0.029724
1 0.029428
1 0.025924
1 0.030104
1 0.030256
1 0.030149
1 0.029906
1 0.029506
1 0.029991
1 0.030043
1 0.028010
1 0.029806
1 0.030030
1 0.029865
1 0.030023
1 0.029731
1 0.029599
1 0.030056
1 0.027258
1 0.029184
1 0.030071
1 0.029854
1 0.030492
1 0.029686
1 0.030162
1 0.029684
1 0.029079
1 0.023656
1 0.026876
1 0.029569
1 0.029668
1 0.026199
1 0.025751
1 0.029315
1 0.030115
1 0.029665
1 0.023490
1 0.037419
1 0.056911
1 0.058339
1 0.049134
1 0.056502
1 0.041790
1 0.063154
1 0.056349
1 0.057424
1 0.054724
1 0.056370
1 0.067517
1 0.047953
1 0.027572
1 0.034987
1 0.029979
1 0.034496
1 0.035840
1 0.030395
1 0.038281
1 0.030037
1 0.035596
1 0.029596
1 0.034162
1 0.034644
1 0.030414
1 0.035528
1 0.034213
1 0.029738
1 0.032736
1 0.034569
1 0.029831
1 0.037281
1 0.029738
1 0.033761
1 0.034416
1 0.036287
1 0.029769
1 0.034545
1 0.029921
1 0.034565
1 0.032336
1 0.031741
1 0.031082
1 0.027803
1 0.023334
1 0.029001
1 0.023363
1 0.024850
1 0.027791
1 0.027596
1 0.024018
1 0.026962
1 0.033864
1 0.030121
1 0.034073
1 0.032219
1 0.023472
1 0.023242
1 0.028708
1 0.024913
1 0.033921
1 0.023369
1 0.032665
1 0.030093
1 0.033487
1 0.033980
1 0.032722
1 0.034665
1 0.033335
1 0.029736
1 0.034500
1 0.034078
1 0.033665
1 0.029483
1 0.036493
1 0.033049
1 0.027475
1 0.033855
1 0.035707
1 0.030416
1 0.035449
1 0.029988
1 0.034580
1 0.031203
1 0.031731
1 0.034146
1 0.035724
1 0.034210
1 0.029824
1 0.034582
1 0.032759
1 0.029533
1 0.030521
1 0.032387
1 0.035023
1 0.034642
1 0.030104
1 0.034138
1 0.031810
1 0.028501
1 0.035799
1 0.030119
1 0.034621
1 0.032587
1 0.034226
1 0.034572
1 0.023212
1 0.023321
1 0.023199
1 0.029172
1 0.023191
1 0.031770
1 0.023214
1 0.023201
1 0.032149
1 0.023218
1 0.023222
1 0.023243
1 0.033280
1 0.029968
1 0.038795
1 0.029807
1 0.038599
1 0.030145
1 0.027370
1 0.035520
1 0.027069
1 0.030061
1 0.039162
1 0.029811
1 0.035530
1 0.028981
1 0.031941
1 0.023230
1 0.028865
1 0.039206
1 0.030073
1 0.030315
1 0.038877
1 0.028345
1 0.028046
1 0.035855
1 0.034759
1 0.029655
1 0.034757
1 0.035462
1 0.029791
1 0.035970
1 0.030534
1 0.029814
1 0.035902
1 0.030172
1 0.036717
1 0.029992
1 0.033223
1 0.030184
1 0.028396
1 0.036415
1 0.031745
1 0.035434
1 0.028021
1 0.036686
1 0.028367
1 0.035599
1 0.029696
1 0.035272
1 0.033317
1 0.027570
2 0.297291
2 0.292803
2 0.326462
2 0.296828
2 0.210037
2 0.029884
2 0.029617
2 0.030000
2 0.028428
2 0.023410
2 0.025380
2 0.028461
2 0.029974
2 0.029803
2 0.030111
2 0.029994
2 0.030212
2 0.029677
2 0.170468
2 0.292621
2 0.302527
2 0.295596
2 0.286969
2 0.247762
2 0.287028
2 0.286113
2 0.342852
2 0.301347
2 0.276371
2 0.240532
2 0.308481
2 0.244334
2 0.329419
2 0.317291
2 0.252478
0 0.024793
0 0.041502
0 0.029982
0 0.025699
0 0.033469
0 0.029976
0 0.036626
0 0.033761
0 0.029645
0 0.035913
0 0.030046
0 0.037651
0 0.029870
0 0.030133
0 0.031133
0 0.039576
0 0.029479
0 0.029820
0 0.038571
0 0.030069
0 0.030153
0 0.033538
0 0.038052
0 0.029749
0 0.029952
0 0.038989
0 0.023438
0 0.027327
0 0.039717
0 0.029367
0 0.023944
0 0.045209
0 0.030279
0 0.029865
0 0.040197
0 0.023511
0 0.027577
0 0.033305
0 0.047739
0 0.076071
0 0.040912
0 0.059362
0 0.046829
0 0.058562
0 0.042777
0 0.064354
0 0.059625
0 0.054754
0 0.050465
0 0.027790
0 0.029428
0 0.029688
0 0.029880
0 0.029502
0 0.029728
0 0.030042
0 0.029650
0 0.029691
0 0.028005
0 0.029916
0 0.029635
0 0.029683
0 0.029743
0 0.029584
0 0.029954
0 0.029933
0 0.029384
0 0.029401
0 0.029607
0 0.031620
0 0.029577
0 0.029633
0 0.029950
0 0.030106
0 0.029468
0 0.029841
0 0.029487
0 0.029556
0 0.029719
0 0.029909
0 0.029903
0 0.029612
0 0.029751
0 0.024148
0 0.023399
0 0.023252
0 0.023354
0 0.023336
0 0.023303
0 0.023457
0 0.023246
0 0.023894
0 0.023326
0 0.025128
0 0.030132
0 0.029983
0 0.028015
0 0.023307
0 0.023334
0 0.023320
0 0.023253
0 0.023333
0 0.028524
0 0.024270
0 0.023318
0 0.029915
0 0.029650
0 0.029665
0 0.029672
0 0.029898
0 0.029481
0 0.029423
0 0.029756
0 0.031657
0 0.030098
0 0.029663
0 0.029963
0 0.029542
0 0.030259
0 0.029558
0 0.027002
0 0.030157
0 0.029727
0 0.029982
0 0.029872
0 0.029808
0 0.030420
0 0.029777
0 0.028338
0 0.030106
0 0.030371
0 0.029743
0 0.029954
0 0.032042
0 0.030123
0 0.029565
0 0.029204
0 0.024014
0 0.030226
0 0.029632
0 0.029651
0 0.030002
0 0.029905
0 0.029736
0 0.030016
0 0.025797
0 0.030052
0 0.029812
0 0.029760
0 0.030028
0 0.029901
0 0.029862
0 0.027408
0 0.023274
0 0.025249
0 0.023268
0 0.023489
0 0.023271
0 0.023301
0 0.023382
0 0.023246
0 0.023347
0 0.023501
0 0.023226
0 0.023407
0 0.024013
0 0.024813
0 0.030163
0 0.029733
0 0.030522
0 0.029893
0 0.030161
0 0.029849
0 0.027812
0 0.029811
0 0.027318
0 0.030371
0 0.032229
0 0.029884
0 0.029987
0 0.030296
0 0.027781
0 0.023257
0 0.023387
0 0.028178
0 0.029937
0 0.030385
0 0.030226
0 0.029832
0 0.030275
0 0.026841
0 0.029910
0 0.030133
0 0.030140
0 0.030101
0 0.029890
0 0.030106
0 0.031042
0 0.029788
0 0.026792
0 0.030330
0 0.030083
0 0.030165
0 0.030254
0 0.030358
0 0.029923
0 0.030147
0 0.024630
0 0.025910
0 0.030287
0 0.031350
0 0.030447
0 0.030728
0 0.029978
0 0.030181
0 0.028456
0 0.029834
0 0.030056
0 0.030406
0 0.029740
0 0.030095
