0 0.030029
0 0.028987
0 0.034947
0 0.030193
0 0.031679
0 0.035483
0 0.028258
0 0.037064
0 0.030091
0 0.030252
0 0.031433
0 0.035292
0 0.033190
0 0.029732
0 0.035129
0 0.029948
0 0.031741
0 0.033935
0 0.032625
0 0.030096
0 0.032289
0 0.029463
0 0.034018
0 0.028251
0 0.031856
0 0.034891
0 0.029866
0 0.034481
0 0.030012
0 0.032398
0 0.023294
0 0.023343
0 0.029767
0 0.031745
0 0.023336
0 0.023323
0 0.052112
0 0.046442
0 0.105302
0 0.053514
0 0.038860
0 0.029906
0 0.032924
0 0.030017
0 0.036940
0 0.030185
0 0.035709
0 0.030106
0 0.030412
0 0.031046
0 0.028108
0 0.031742
0 0.033434
0 0.029720
0 0.033369
0 0.032294
0 0.034703
0 0.027468
0 0.031758
0 0.033802
0 0.030026
0 0.037223
0 0.029628
0 0.030023
0 0.034954
0 0.025037
0 0.032344
0 0.033812
0 0.032465
0 0.032955
0 0.029700
0 0.033683
0 0.037686
0 0.028485
0 0.029531
0 0.032879
0 0.025834
0 0.025944
0 0.023318
0 0.029030
0 0.023393
0 0.025893
0 0.023338
0 0.032701
0 0.032267
0 0.033927
0 0.035475
0 0.029932
0 0.032754
0 0.034232
0 0.023480
0 0.023319
0 0.026900
0 0.023399
0 0.026549
0 0.025219
0 0.029532
0 0.023365
0 0.023489
0 0.023364
0 0.028541
0 0.023368
0 0.027553
0 0.023351
0 0.027817
0 0.023401
0 0.023421
0 0.025916
0 0.026963
0 0.023305
0 0.024984
0 0.028499
0 0.023403
0 0.026454
0 0.023429
0 0.027878
0 0.023374
0 0.027355
0 0.023361
0 0.025904
0 0.034708
0 0.030430
0 0.035080
0 0.030017
0 0.035519
0 0.030443
0 0.033594
0 0.029747
0 0.029382
0 0.030306
0 0.036503
0 0.037383
0 0.031128
0 0.030926
0 0.034121
0 0.029793
0 0.033164
0 0.032409
0 0.029933
0 0.034672
0 0.035991
0 0.030309
0 0.026806
0 0.026422
0 0.025920
0 0.028657
0 0.026237
0 0.023490
0 0.025820
0 0.028436
0 0.023322
0 0.023303
0 0.031741
0 0.034594
0 0.029160
0 0.033889
0 0.033741
0 0.023253
0 0.023394
0 0.033139
0 0.032248
0 0.028468
0 0.023285
0 0.023265
0 0.028421
0 0.023284
0 0.023245
0 0.025845
0 0.027729
0 0.023948
0 0.031823
0 0.027888
0 0.023273
0 0.028086
0 0.023246
0 0.023249
0 0.033203
0 0.029835
0 0.028202
0 0.030200
0 0.033091
0 0.131195
0 0.023421
0 0.023389
0 0.027078
0 0.029827
0 0.029971
0 0.030349
0 0.030202
0 0.030305
0 0.030520
0 0.029872
0 0.025716
0 0.023494
0 0.023319
0 0.029548
0 0.030173
0 0.030268
0 0.029950
0 0.030292
0 0.030129
0 0.024595
0 0.023291
0 0.023406
0 0.023424
0 0.024143
0 0.023376
0 0.023307
0 0.023385
0 0.023320
0 0.023336
0 0.024331
0 0.029874
0 0.030188
0 0.030086
0 0.030142
0 0.030353
0 0.030055
0 0.030351
0 0.029984
0 0.028252
0 0.029975
0 0.029998
0 0.030051
0 0.030078
0 0.030309
0 0.030148
0 0.030570
0 0.025443
0 0.023330
0 0.023353
0 0.023352
0 0.023509
0 0.023361
0 0.023268
0 0.023312
0 0.023357
0 0.023310
0 0.023400
0 0.026462
0 0.030002
0 0.029832
0 0.029915
0 0.030065
0 0.030050
0 0.030009
0 0.030369
0 0.028635
0 0.030063
0 0.029940
0 0.030313
0 0.029937
0 0.030108
0 0.029902
0 0.030224
0 0.028012
0 0.027043
0 0.030411
0 0.029832
0 0.030207
0 0.030309
0 0.030387
0 0.030014
0 0.029892
0 0.027895
0 0.030019
0 0.028245
0 0.029360
0 0.029718
0 0.030112
0 0.029716
0 0.030080
0 0.027513
0 0.030523
0 0.030007
0 0.030174
0 0.030092
0 0.029485
0 0.030079
0 0.030006
0 0.028820
0 0.023391
0 0.030439
0 0.031563
0 0.031392
0 0.031515
0 0.031064
0 0.031327
0 0.031022
0 0.031554
0 0.031422
0 0.031326
0 0.031670
0 0.031331
0 0.031525
0 0.030323
0 0.030637
0 0.030664
0 0.031165
0 0.031844
1 0.023702
1 0.030743
1 0.030078
1 0.029599
1 0.029973
1 0.029848
1 0.028698
1 0.029482
1 0.029448
1 0.030127
1 0.030127
1 0.029964
1 0.029638
1 0.029985
1 0.029833
1 0.029177
1 0.029342
1 0.030095
1 0.030021
1 0.029697
1 0.031694
1 0.029850
1 0.029069
1 0.026566
1 0.029789
1 0.028130
1 0.029327
1 0.029453
1 0.030044
1 0.029736
1 0.029652
1 0.030099
1 0.023402
1 0.023405
1 0.026498
1 0.024638
1 0.023274
1 0.023217
1 0.023407
1 0.023338
1 0.023285
1 0.023661
1 0.038337
1 0.060706
1 0.043716
1 0.066247
1 0.032773
1 0.029044
1 0.029832
1 0.029918
1 0.029625
1 0.029597
1 0.029732
1 0.029799
1 0.030138
1 0.029030
1 0.023265
1 0.028117
1 0.029529
1 0.029851
1 0.031982
1 0.029794
1 0.029905
1 0.029727
1 0.026718
1 0.028588
1 0.030045
1 0.029529
1 0.030316
1 0.029809
1 0.029741
1 0.029680
1 0.028784
1 0.024747
1 0.029682
1 0.029975
1 0.029855
1 0.029674
1 0.029511
1 0.029914
1 0.032057
1 0.028394
1 0.029953
1 0.029835
1 0.026971
1 0.023312
1 0.023305
1 0.023376
1 0.023254
1 0.023293
1 0.023403
1 0.023325
1 0.028932
1 0.029763
1 0.030179
1 0.029915
1 0.030222
1 0.029880
1 0.029909
1 0.027348
1 0.023334
1 0.023473
1 0.023323
1 0.025123
1 0.023353
1 0.023403
1 0.023282
1 0.023257
1 0.023465
1 0.023246
1 0.023451
1 0.023407
1 0.023276
1 0.023444
1 0.023274
1 0.023255
1 0.023378
1 0.023319
1 0.023355
1 0.023386
1 0.023360
1 0.023423
1 0.023312
1 0.023293
1 0.023312
1 0.023304
1 0.023421
1 0.023240
1 0.024580
1 0.023849
1 0.023306
1 0.023479
1 0.028789
1 0.030349
1 0.029766
1 0.029686
1 0.029878
1 0.030726
1 0.029875
1 0.029313
1 0.025896
1 0.029562
1 0.030314
1 0.030304
1 0.030611
1 0.030342
1 0.030643
1 0.029819
1 0.028981
1 0.031728
1 0.029856
1 0.030086
1 0.029770
1 0.030141
1 0.030218
1 0.030077
1 0.029551
1 0.025102
1 0.025274
1 0.025862
1 0.025290
1 0.025836
1 0.023273
1 0.023401
1 0.023248
1 0.023330
1 0.026633
1 0.030127
1 0.030239
1 0.028988
1 0.030196
1 0.029936
1 0.023333
1 0.024252
1 0.030176
1 0.030556
1 0.023753
1 0.023395
1 0.023591
1 0.023290
1 0.023344
1 0.023497
1 0.023372
1 0.023404
1 0.023358
1 0.026150
1 0.027985
1 0.023244
1 0.023337
1 0.023267
1 0.023265
1 0.023342
1 0.024870
1 0.029970
1 0.030042
1 0.027998
1 0.029942
1 0.030036
1 0.025733
1 0.021941
1 0.021957
1 0.021871
1 0.021919
1 0.023292
1 0.030996
1 0.028637
1 0.029485
1 0.032531
1 0.037831
1 0.030083
1 0.030326
1 0.035223
1 0.027876
1 0.030733
1 0.023338
1 0.029774
1 0.036363
1 0.029951
1 0.035846
1 0.029900
1 0.033113
1 0.023338
1 0.023255
1 0.031139
1 0.023260
1 0.023475
1 0.023226
1 0.028664
1 0.023252
1 0.031013
1 0.027091
1 0.029608
1 0.030176
1 0.032878
1 0.033942
1 0.032651
1 0.034193
1 0.031886
1 0.036451
1 0.029936
1 0.029659
1 0.034017
1 0.030006
1 0.032918
1 0.034080
1 0.029220
1 0.025610
1 0.027314
1 0.023315
1 0.028617
1 0.023384
1 0.023184
1 0.031133
1 0.023322
1 0.023247
1 0.026169
1 0.037076
1 0.030050
1 0.031914
1 0.035188
1 0.030114
1 0.029656
1 0.035363
1 0.030551
1 0.037676
1 0.029986
1 0.029638
1 0.031492
1 0.035387
1 0.030155
1 0.034307
1 0.025634
1 0.037514
1 0.029928
1 0.029953
1 0.034753
1 0.030933
1 0.038837
1 0.027797
1 0.029765
1 0.032815
1 0.026967
1 0.032884
1 0.033789
1 0.034515
1 0.029879
1 0.031048
1 0.038285
1 0.029861
1 0.030033
1 0.029679
1 0.033385
1 0.037083
1 0.030049
1 0.024599
1 0.031132
1 0.039937
1 0.030400
1 0.030232
1 0.030117
1 0.037851
1 0.030309
1 0.030254
1 0.034332
1 0.034659
1 0.030315
1 0.037983
1 0.030650
1 0.030110
1 0.034585
1 0.030500
1 0.040519
2 0.355178
2 0.376758
2 0.329328
2 0.536642
2 0.403074
2 0.363329
2 0.344015
2 0.368891
2 0.316706
2 0.274982
2 0.400702
2 0.366914
2 0.333125
2 0.321470
2 0.343402
2 0.428631
2 0.360683
2 0.299764
2 0.413304
2 0.246610
2 0.455097
2 0.394938
2 0.303323
2 0.442883
