0 0.023386
0 0.024061
0 0.024236
0 0.024258
0 0.024286
0 0.026980
0 0.027742
0 0.027819
0 0.028035
0 0.028484
0 0.028563
0 0.029317
0 0.029325
0 0.029330
0 0.029360
0 0.029459
0 0.029558
0 0.031279
0 0.032421
0 0.033901
0 0.034996
0 0.035890
0 0.036044
0 0.037226
0 0.037453
0 0.043242
0 0.044529
0 0.044921
0 0.045299
0 0.047033
0 0.051813
0 0.052633
0 0.053062
0 0.062407
0 0.065868
0 0.068413
1 0.023909
1 0.024425
1 0.024466
1 0.025311
1 0.025370
1 0.025413
1 0.025587
1 0.026947
1 0.026989
1 0.027964
1 0.027968
1 0.028173
1 0.028265
1 0.032212
1 0.034211
1 0.036021
1 0.037154
1 0.037248
1 0.037961
1 0.043253
1 0.043311
1 0.048791
1 0.049761
1 0.050812
1 0.051438
1 0.054072
1 0.054943
1 0.058697
1 0.061717
1 0.062831
1 0.066536
1 0.066663
1 0.069190
2 0.023419
2 0.023488
2 0.024222
2 0.025729
2 0.025797
2 0.027118
2 0.028603
2 0.028661
2 0.028681
2 0.028786
2 0.028963
2 0.028973
2 0.029224
2 0.041903
2 0.042475
2 0.042921
2 0.043274
2 0.046920
2 0.047078
2 0.048443
2 0.049894
2 0.051785
2 0.053359
2 0.057213
2 0.059513
2 0.059726
2 0.060993
2 0.065831
2 0.067650
2 0.072326
2 0.085724
