0 0.023411
0 0.023430
0 0.023433
0 0.023502
0 0.023532
0 0.023550
0 0.023552
0 0.023559
0 0.023572
0 0.023627
0 0.023629
0 0.023632
0 0.023645
0 0.023658
0 0.023702
0 0.024893
0 0.024945
0 0.025012
0 0.025791
0 0.025967
0 0.026339
0 0.026447
0 0.026838
0 0.027000
0 0.027016
0 0.027159
0 0.027170
0 0.027270
0 0.027304
0 0.027323
0 0.027370
0 0.027406
0 0.027412
0 0.027433
0 0.027497
0 0.027545
0 0.027549
0 0.027606
0 0.027626
0 0.027724
0 0.027739
0 0.027762
0 0.027805
0 0.027832
0 0.027847
0 0.027851
0 0.027864
0 0.027865
0 0.027913
0 0.027921
0 0.027922
0 0.027926
0 0.027928
0 0.027931
0 0.027952
0 0.027973
0 0.027992
0 0.028002
0 0.028004
0 0.028015
0 0.028015
0 0.028027
0 0.028047
0 0.028049
0 0.028070
0 0.028072
0 0.028097
0 0.028142
0 0.028168
0 0.028187
0 0.028206
0 0.028210
0 0.028258
0 0.028267
0 0.028285
0 0.028285
0 0.028374
0 0.028456
0 0.028516
0 0.028519
0 0.028572
0 0.028576
0 0.028635
0 0.028681
0 0.028686
0 0.028711
0 0.028766
0 0.028784
0 0.028848
0 0.028861
0 0.028887
0 0.028927
0 0.029029
0 0.029243
0 0.029263
0 0.029354
0 0.029404
0 0.029456
0 0.029517
0 0.029702
0 0.030191
0 0.030808
0 0.030849
0 0.031144
0 0.031338
0 0.031343
0 0.031346
0 0.031382
0 0.031420
0 0.031474
0 0.031537
0 0.031561
0 0.031570
0 0.031617
0 0.031631
0 0.031661
0 0.031792
0 0.031871
0 0.031955
0 0.031996
0 0.032327
0 0.032425
0 0.032452
0 0.032759
0 0.032893
0 0.033107
0 0.033809
0 0.033868
0 0.033962
0 0.034060
0 0.034523
0 0.034690
0 0.034696
0 0.034702
0 0.034879
0 0.034960
0 0.035745
0 0.035837
0 0.036265
0 0.036315
0 0.036321
0 0.036370
0 0.036462
0 0.036897
0 0.037308
0 0.037324
0 0.037386
0 0.037455
0 0.037475
0 0.037525
0 0.037766
0 0.037850
0 0.037948
0 0.038032
0 0.038276
0 0.038512
0 0.038533
0 0.038606
0 0.038694
0 0.038887
0 0.039086
0 0.039262
0 0.039305
0 0.039409
0 0.039746
0 0.039870
0 0.039951
0 0.040095
0 0.040099
0 0.040169
0 0.040179
0 0.040219
0 0.040228
0 0.040247
0 0.040327
0 0.040372
0 0.040385
0 0.040413
0 0.040415
0 0.040495
0 0.040503
0 0.040516
0 0.040526
0 0.040531
0 0.040561
0 0.040581
0 0.040615
0 0.040762
0 0.040965
0 0.041022
0 0.041032
0 0.041065
0 0.041184
0 0.041198
0 0.041234
0 0.041240
0 0.041409
0 0.041434
0 0.041591
0 0.041637
0 0.041638
0 0.041660
0 0.041704
0 0.041719
0 0.041735
0 0.041818
0 0.041875
0 0.041927
0 0.041968
0 0.042043
0 0.042161
0 0.042203
0 0.042245
0 0.042297
0 0.042336
0 0.042565
0 0.042731
0 0.042891
0 0.043056
0 0.043088
0 0.043211
0 0.044033
0 0.044981
0 0.045029
0 0.045397
0 0.046278
0 0.046758
0 0.047396
0 0.047645
0 0.047799
0 0.047981
0 0.048488
0 0.048495
0 0.048680
0 0.048797
0 0.048812
0 0.048834
0 0.048915
0 0.049350
0 0.049389
0 0.049399
0 0.049699
0 0.049779
0 0.049807
0 0.049816
0 0.049837
0 0.049886
0 0.049887
0 0.050014
0 0.050111
0 0.050180
0 0.050208
0 0.050240
0 0.050259
0 0.050314
0 0.051675
0 0.052159
0 0.053066
1 0.023218
1 0.023238
1 0.023291
1 0.023313
1 0.023339
1 0.023340
1 0.023350
1 0.023354
1 0.023359
1 0.023362
1 0.023371
1 0.023378
1 0.023396
1 0.023405
1 0.023405
1 0.023416
1 0.023418
1 0.023420
1 0.023421
1 0.023431
1 0.023440
1 0.023453
1 0.023477
1 0.023495
1 0.023498
1 0.023502
1 0.023507
1 0.023534
1 0.023746
1 0.023755
1 0.023824
1 0.023999
1 0.024008
1 0.024029
1 0.024044
1 0.024071
1 0.024106
1 0.024112
1 0.024160
1 0.024377
1 0.024390
1 0.024592
1 0.024625
1 0.024812
1 0.024887
1 0.024934
1 0.025161
1 0.025326
1 0.025471
1 0.025553
1 0.025579
1 0.025705
1 0.025795
1 0.026036
1 0.026040
1 0.026058
1 0.026066
1 0.026072
1 0.026120
1 0.026162
1 0.026312
1 0.026339
1 0.026402
1 0.026419
1 0.026633
1 0.026645
1 0.026663
1 0.026745
1 0.026746
1 0.026849
1 0.026911
1 0.026941
1 0.026980
1 0.027026
1 0.027045
1 0.027066
1 0.027099
1 0.027145
1 0.027169
1 0.027172
1 0.027180
1 0.027191
1 0.027192
1 0.027207
1 0.027213
1 0.027225
1 0.027227
1 0.027230
1 0.027231
1 0.027236
1 0.027268
1 0.027289
1 0.027297
1 0.027319
1 0.027321
1 0.027341
1 0.027366
1 0.027366
1 0.027376
1 0.027381
1 0.027386
1 0.027410
1 0.027411
1 0.027418
1 0.027440
1 0.027445
1 0.027451
1 0.027458
1 0.027460
1 0.027479
1 0.027484
1 0.027498
1 0.027510
1 0.027514
1 0.027536
1 0.027545
1 0.027554
1 0.027566
1 0.027586
1 0.027591
1 0.027593
1 0.027602
1 0.027602
1 0.027605
1 0.027608
1 0.027630
1 0.027648
1 0.027654
1 0.027655
1 0.027671
1 0.027675
1 0.027678
1 0.027695
1 0.027706
1 0.027707
1 0.027730
1 0.027757
1 0.027762
1 0.027768
1 0.027817
1 0.027829
1 0.027862
1 0.027868
1 0.027902
1 0.027933
1 0.027941
1 0.027942
1 0.028016
1 0.028021
1 0.028051
1 0.028059
1 0.028078
1 0.028096
1 0.028104
1 0.028111
1 0.028138
1 0.028145
1 0.028154
1 0.028184
1 0.028215
1 0.028222
1 0.028236
1 0.028248
1 0.028251
1 0.028256
1 0.028258
1 0.028293
1 0.028296
1 0.028308
1 0.028326
1 0.028349
1 0.028369
1 0.028381
1 0.028384
1 0.028392
1 0.028413
1 0.028415
1 0.028417
1 0.028457
1 0.028461
1 0.028510
1 0.028551
1 0.028586
1 0.028632
1 0.028638
1 0.028639
1 0.028705
1 0.028714
1 0.028752
1 0.028760
1 0.028789
1 0.028825
1 0.028867
1 0.028875
1 0.028931
1 0.028940
1 0.029048
1 0.029054
1 0.029065
1 0.029065
1 0.029086
1 0.029093
1 0.029114
1 0.029176
1 0.029180
1 0.029360
1 0.029364
1 0.029368
1 0.029371
1 0.029513
1 0.029552
1 0.029570
1 0.029597
1 0.029841
1 0.029847
1 0.029853
1 0.030886
1 0.030996
1 0.031038
1 0.031133
1 0.031165
1 0.031242
1 0.031291
1 0.031378
1 0.031631
1 0.031769
1 0.031799
1 0.031916
1 0.032244
1 0.032312
1 0.032358
1 0.032550
1 0.032972
1 0.033197
1 0.033475
1 0.033559
1 0.033688
1 0.033875
1 0.033942
1 0.034030
1 0.034102
1 0.034559
1 0.035419
1 0.035780
1 0.035821
1 0.035829
1 0.036425
1 0.036502
1 0.037168
1 0.037988
1 0.038373
1 0.038607
1 0.038676
1 0.039267
1 0.039367
1 0.039386
1 0.039435
1 0.039473
1 0.039482
1 0.039588
1 0.039597
1 0.039668
1 0.039674
1 0.039751
1 0.039772
1 0.039807
1 0.039823
1 0.040109
1 0.040170
1 0.040407
1 0.040455
1 0.040506
1 0.040728
1 0.040742
1 0.040846
1 0.040970
1 0.041132
1 0.041158
1 0.041327
1 0.041639
1 0.041761
1 0.042909
1 0.043228
1 0.043509
1 0.047375
1 0.047581
1 0.047603
1 0.048087
1 0.048732
1 0.048838
1 0.049025
1 0.049207
1 0.049231
1 0.049814
1 0.049843
1 0.050117
1 0.050347
1 0.051843
1 0.053918
1 0.056732
2 0.357250
2 0.486675
2 0.927515
2 0.934064
2 1.040906
2 1.193806
2 1.662310
2 1.897236
