0 0.023252
0 0.023280
0 0.023288
0 0.023301
0 0.023310
0 0.023310
0 0.023313
0 0.023333
0 0.023338
0 0.023338
0 0.023344
0 0.023344
0 0.023345
0 0.023347
0 0.023354
0 0.023359
0 0.023368
0 0.023386
0 0.023391
0 0.023402
0 0.023405
0 0.023405
0 0.023424
0 0.023428
0 0.023441
0 0.023476
0 0.023485
0 0.023495
0 0.023498
0 0.023501
0 0.023522
0 0.023528
0 0.023534
0 0.023547
0 0.023548
0 0.023550
0 0.023557
0 0.023561
0 0.023567
0 0.023578
0 0.023594
0 0.023612
0 0.023614
0 0.023621
0 0.023656
0 0.023666
0 0.023672
0 0.023677
0 0.023677
0 0.023679
0 0.023681
0 0.023688
0 0.023775
0 0.023796
0 0.023846
0 0.023941
0 0.023970
0 0.024006
0 0.024218
0 0.024266
0 0.024362
0 0.024461
0 0.024537
0 0.024630
0 0.024678
0 0.024715
0 0.024759
0 0.024770
0 0.024787
0 0.024816
0 0.024816
0 0.024841
0 0.024867
0 0.024967
0 0.024971
0 0.025022
0 0.025039
0 0.025095
0 0.025098
0 0.025115
0 0.025157
0 0.025283
0 0.025366
0 0.025380
0 0.025382
0 0.025418
0 0.025487
0 0.025494
0 0.025526
0 0.025573
0 0.025614
0 0.025627
0 0.025673
0 0.025739
0 0.025763
0 0.025813
0 0.025949
0 0.025952
0 0.025961
0 0.025965
0 0.026017
0 0.026048
0 0.026053
0 0.026074
0 0.026089
0 0.026144
0 0.026202
0 0.026214
0 0.026267
0 0.026276
0 0.026337
0 0.026354
0 0.026374
0 0.026387
0 0.026442
0 0.026452
0 0.026466
0 0.026470
0 0.026495
0 0.026524
0 0.026554
0 0.026557
0 0.026572
0 0.026603
0 0.026623
0 0.026633
0 0.026642
0 0.026652
0 0.026658
0 0.026671
0 0.026675
0 0.026729
0 0.026744
0 0.026789
0 0.026801
0 0.026818
0 0.026830
0 0.026862
0 0.026881
0 0.026884
0 0.026924
0 0.026932
0 0.026938
0 0.027035
0 0.027066
0 0.027095
0 0.027105
0 0.027121
0 0.027128
0 0.027146
0 0.027216
0 0.027229
0 0.027233
0 0.027242
0 0.027257
0 0.027265
0 0.027265
0 0.027283
0 0.027287
0 0.027289
0 0.027310
0 0.027355
0 0.027359
0 0.027399
0 0.027418
0 0.027446
0 0.027460
0 0.027469
0 0.027505
0 0.027541
0 0.027544
0 0.027580
0 0.027612
0 0.027613
0 0.027628
0 0.027660
0 0.027687
0 0.027721
0 0.027730
0 0.027739
0 0.027740
0 0.027763
0 0.027767
0 0.027779
0 0.027788
0 0.027803
0 0.027867
0 0.027899
0 0.027927
0 0.027929
0 0.027938
0 0.027958
0 0.028038
0 0.028071
0 0.028098
0 0.028119
0 0.028131
0 0.028176
0 0.028197
0 0.028198
0 0.028204
0 0.028264
0 0.028269
0 0.028274
0 0.028287
0 0.028336
0 0.028355
0 0.028357
0 0.028367
0 0.028410
0 0.028424
0 0.028453
0 0.028470
0 0.028472
0 0.028482
0 0.028485
0 0.028561
0 0.028569
0 0.028614
0 0.028625
0 0.028625
0 0.028682
0 0.028691
0 0.028724
0 0.028731
0 0.028747
0 0.028751
0 0.028793
0 0.028796
0 0.028808
0 0.028810
0 0.028817
0 0.028827
0 0.028848
0 0.028859
0 0.028863
0 0.028867
0 0.028875
0 0.028889
0 0.028891
0 0.028904
0 0.028922
0 0.028923
0 0.028934
0 0.028935
0 0.028966
0 0.028967
0 0.028985
0 0.029001
0 0.029007
0 0.029012
0 0.029022
0 0.029038
0 0.029038
0 0.029053
0 0.029062
0 0.029064
0 0.029070
0 0.029070
0 0.029073
0 0.029084
0 0.029102
0 0.029107
0 0.029122
0 0.029122
0 0.029123
0 0.029131
0 0.029144
0 0.029151
0 0.029162
0 0.029164
0 0.029166
0 0.029185
0 0.029187
0 0.029192
0 0.029196
0 0.029204
0 0.029212
0 0.029256
0 0.029276
0 0.029277
0 0.029283
0 0.029285
0 0.029293
0 0.029295
0 0.029308
0 0.029308
0 0.029319
0 0.029337
0 0.029342
0 0.029351
0 0.029364
0 0.029368
0 0.029380
0 0.029409
0 0.029417
0 0.029421
0 0.029460
0 0.029508
0 0.029511
0 0.029537
0 0.029575
0 0.029594
0 0.029620
0 0.029627
0 0.029671
0 0.029726
0 0.029755
0 0.029969
0 0.029975
0 0.029984
0 0.030079
0 0.030123
0 0.030160
0 0.030197
0 0.030488
0 0.030530
0 0.030699
0 0.030723
0 0.030738
0 0.030829
0 0.031000
0 0.031032
0 0.031092
0 0.031105
0 0.031750
0 0.031809
0 0.031988
0 0.032406
0 0.032866
0 0.033134
0 0.033224
0 0.033505
0 0.033678
0 0.034255
0 0.034270
0 0.034704
0 0.035344
1 0.023442
1 0.023929
1 0.024365
1 0.024397
1 0.024437
1 0.024444
1 0.024444
1 0.024525
1 0.024808
1 0.025506
1 0.025565
1 0.025829
1 0.026008
1 0.026223
1 0.026418
1 0.026554
1 0.026594
1 0.026664
1 0.026718
1 0.026897
1 0.027116
1 0.027263
1 0.027574
1 0.027607
1 0.027608
1 0.027650
1 0.027673
1 0.027701
1 0.027703
1 0.027706
1 0.027708
1 0.027710
1 0.027723
1 0.027769
1 0.027829
1 0.027860
1 0.027940
1 0.028037
1 0.028040
1 0.028049
1 0.028060
1 0.028113
1 0.028118
1 0.028122
1 0.028152
1 0.028249
1 0.028250
1 0.028368
1 0.028371
1 0.028446
1 0.028481
1 0.028690
1 0.028795
1 0.028816
1 0.029005
1 0.029382
1 0.029427
1 0.029530
1 0.029558
1 0.029575
1 0.029634
1 0.029798
1 0.029806
1 0.029845
1 0.030036
1 0.030112
1 0.030112
1 0.030155
1 0.030220
1 0.030280
1 0.030294
1 0.030347
1 0.030369
1 0.030436
1 0.030470
1 0.030733
1 0.030856
1 0.030925
1 0.031083
1 0.031095
1 0.031193
1 0.031214
1 0.031275
1 0.031342
1 0.031352
1 0.031444
1 0.031496
1 0.031662
1 0.031782
1 0.031860
1 0.031910
1 0.031997
1 0.032082
1 0.032092
1 0.032093
1 0.032176
1 0.032218
1 0.032236
1 0.032237
1 0.032267
1 0.032282
1 0.032311
1 0.032399
1 0.032456
1 0.032472
1 0.032499
1 0.032570
1 0.032620
1 0.032627
1 0.032665
1 0.032748
1 0.032749
1 0.032831
1 0.032835
1 0.032841
1 0.032848
1 0.032963
1 0.033048
1 0.033061
1 0.033140
1 0.033147
1 0.033155
1 0.033170
1 0.033194
1 0.033213
1 0.033267
1 0.033292
1 0.033372
1 0.033403
1 0.033439
1 0.033499
1 0.033513
1 0.033529
1 0.033555
1 0.033584
1 0.033707
1 0.033747
1 0.033765
1 0.033803
1 0.033826
1 0.033875
1 0.033896
1 0.033941
1 0.034001
1 0.034218
1 0.034225
1 0.034271
1 0.034293
1 0.034297
1 0.034303
1 0.034393
1 0.034394
1 0.034440
1 0.034547
1 0.034560
1 0.034602
1 0.034622
1 0.034638
1 0.034663
1 0.034665
1 0.034666
1 0.034708
1 0.034740
1 0.034760
1 0.034763
1 0.034777
1 0.034793
1 0.034804
1 0.034815
1 0.034822
1 0.034870
1 0.034930
1 0.034932
1 0.035034
1 0.035049
1 0.035064
1 0.035112
1 0.035116
1 0.035140
1 0.035148
1 0.035154
1 0.035171
1 0.035182
1 0.035244
1 0.035256
1 0.035287
1 0.035331
1 0.035337
1 0.035345
1 0.035384
1 0.035386
1 0.035390
1 0.035400
1 0.035402
1 0.035403
1 0.035422
1 0.035424
1 0.035436
1 0.035439
1 0.035450
1 0.035454
1 0.035455
1 0.035459
1 0.035461
1 0.035479
1 0.035485
1 0.035486
1 0.035490
1 0.035490
1 0.035492
1 0.035495
1 0.035499
1 0.035502
1 0.035503
1 0.035530
1 0.035535
1 0.035555
1 0.035590
1 0.035633
1 0.035637
1 0.035641
1 0.035665
1 0.035669
1 0.035679
1 0.035680
1 0.035693
1 0.035716
1 0.035744
1 0.035751
1 0.035781
1 0.035788
1 0.035789
1 0.035817
1 0.035828
1 0.035838
1 0.035883
1 0.035924
1 0.035925
1 0.035952
1 0.035973
1 0.035974
1 0.036000
1 0.036028
1 0.036043
1 0.036047
1 0.036057
1 0.036085
1 0.036107
1 0.036116
1 0.036157
1 0.036161
1 0.036231
1 0.036236
1 0.036306
1 0.036414
1 0.036417
1 0.036419
1 0.036582
1 0.036583
1 0.036592
1 0.036661
1 0.036700
1 0.036831
1 0.036850
1 0.037041
1 0.037070
1 0.037142
1 0.037222
1 0.037255
1 0.037386
1 0.037775
1 0.037944
1 0.038162
1 0.039126
1 0.039252
1 0.039533
1 0.040127
1 0.040937
2 1.194091
2 1.386945
2 1.610650
2 1.841712
2 2.065292
