0 0.056864
0 0.052598
0 0.046075
0 0.030249
0 0.035259
0 0.030413
0 0.030421
0 0.030432
0 0.030496
0 0.032909
0 0.029311
0 0.030354
0 0.032637
0 0.029305
0 0.025936
0 0.030483
0 0.035132
0 0.029213
0 0.030287
0 0.030475
0 0.027675
0 0.035624
0 0.030400
0 0.030176
0 0.030313
0 0.035692
0 0.030242
0 0.030273
0 0.030462
0 0.030293
0 0.029074
0 0.033020
0 0.029689
0 0.025822
0 0.025950
0 0.023164
0 0.027181
0 0.025382
0 0.023091
0 0.036002
0 0.053215
0 0.068826
0 0.070356
0 0.028031
0 0.027081
0 0.030628
0 0.033752
0 0.030209
0 0.030197
0 0.030444
0 0.030213
0 0.030423
0 0.030198
0 0.033725
0 0.029359
0 0.030543
0 0.033523
0 0.030153
0 0.030290
0 0.033905
0 0.030364
0 0.030235
0 0.030405
0 0.030359
0 0.030480
0 0.033877
0 0.030366
0 0.030505
0 0.030114
0 0.028739
0 0.023749
0 0.035701
0 0.030425
0 0.030023
0 0.027013
0 0.029738
0 0.026473
0 0.030833
0 0.029475
0 0.030656
0 0.030469
0 0.030274
0 0.032308
0 0.028884
0 0.032501
0 0.030112
0 0.035434
0 0.030340
0 0.030463
0 0.027023
0 0.029265
0 0.035092
0 0.030232
0 0.029362
0 0.030646
0 0.033459
0 0.025754
0 0.030478
0 0.032693
0 0.030353
0 0.035469
0 0.030296
0 0.025862
0 0.024007
0 0.030172
0 0.034509
0 0.030443
0 0.030077
0 0.030465
0 0.030464
0 0.029963
0 0.029876
0 0.027479
0 0.030227
0 0.026913
0 0.033013
0 0.026700
0 0.033564
0 0.030390
0 0.030376
0 0.032003
0 0.031985
0 0.026600
0 0.030811
0 0.030646
0 0.030367
0 0.030192
0 0.032438
0 0.029686
0 0.034962
0 0.029911
0 0.030243
0 0.030475
0 0.029956
0 0.035453
0 0.030238
0 0.027674
0 0.023255
0 0.028725
0 0.035742
0 0.030165
0 0.029902
0 0.030120
0 0.030220
0 0.035049
0 0.023275
0 0.023310
0 0.023487
0 0.023271
0 0.023274
0 0.023280
0 0.030913
0 0.023244
0 0.023235
0 0.023290
0 0.027212
0 0.023258
0 0.024425
0 0.030265
0 0.032706
0 0.030469
0 0.036468
0 0.030231
0 0.026791
0 0.026331
0 0.030041
0 0.030017
0 0.031885
0 0.037802
0 0.030067
0 0.030473
0 0.028092
0 0.027906
0 0.030093
0 0.030124
0 0.029750
0 0.037613
0 0.029910
0 0.030549
0 0.029911
0 0.029885
0 0.030212
0 0.030241
0 0.034964
0 0.030226
0 0.030235
0 0.030295
0 0.029827
0 0.028279
0 0.023214
0 0.023247
0 0.023242
0 0.023299
0 0.023232
0 0.028329
0 0.023246
0 0.023310
0 0.023224
0 0.028662
0 0.030168
0 0.027731
0 0.023258
0 0.023272
0 0.023252
0 0.023277
0 0.028310
0 0.023265
0 0.024174
0 0.029712
0 0.029805
0 0.036526
0 0.030390
0 0.030099
0 0.030258
0 0.030283
0 0.029525
0 0.032716
0 0.030180
0 0.036917
0 0.030250
0 0.030373
0 0.030368
0 0.030257
0 0.029806
0 0.029809
0 0.030190
0 0.035592
0 0.030172
0 0.030291
0 0.030310
0 0.030200
0 0.030344
0 0.030221
0 0.030135
0 0.035436
0 0.030370
0 0.030251
0 0.029841
0 0.030162
0 0.035625
0 0.030257
0 0.030356
0 0.030438
0 0.030134
0 0.027513
0 0.037490
0 0.030456
0 0.029351
0 0.030315
0 0.030076
0 0.030152
0 0.030298
0 0.037862
0 0.030134
0 0.030076
0 0.029407
0 0.023323
0 0.023264
0 0.023247
0 0.023241
0 0.029805
0 0.023288
0 0.023262
0 0.023237
0 0.023279
0 0.023242
0 0.023332
0 0.023236
0 0.027644
0 0.023319
0 0.023228
0 0.023236
0 0.023261
0 0.028341
0 0.023225
0 0.023239
0 0.023390
0 0.023332
0 0.023229
0 0.027323
0 0.023243
0 0.023306
0 0.023309
0 0.023234
0 0.028455
0 0.023254
0 0.023327
0 0.023448
0 0.025167
0 0.030261
0 0.032049
0 0.029958
0 0.030045
0 0.030267
0 0.037242
0 0.024417
0 0.023263
0 0.023185
0 0.023221
0 0.023239
0 0.023284
0 0.023271
0 0.023334
0 0.030766
0 0.023288
0 0.028737
0 0.030935
0 0.029949
0 0.030241
0 0.030391
0 0.030618
0 0.032621
0 0.030513
0 0.033728
0 0.029908
0 0.028913
0 0.027439
0 0.028991
2 0.023223
2 0.028406
2 0.026563
2 0.029334
2 0.107101
2 0.883843
2 0.987105
2 0.703160
2 0.941157
2 0.816162
2 0.671581
2 0.899991
2 0.909307
2 0.874987
2 0.584492
2 0.797327
1 0.048540
1 0.063688
1 0.037939
1 0.030283
1 0.030379
1 0.030348
1 0.030514
1 0.030357
1 0.030580
1 0.030367
1 0.029815
1 0.030458
1 0.030654
1 0.030288
1 0.025242
1 0.028391
1 0.031878
1 0.031234
1 0.030420
1 0.030566
1 0.028102
1 0.030246
1 0.030411
1 0.030702
1 0.030124
1 0.030524
1 0.030547
1 0.030275
1 0.030607
1 0.030770
1 0.030390
1 0.033940
1 0.030968
1 0.027651
1 0.024424
1 0.105573
1 0.083324
1 0.024696
1 0.056798
1 0.033474
1 0.024445
1 0.029305
1 0.025648
1 0.030032
1 0.030553
1 0.030383
1 0.030183
1 0.030383
1 0.030736
1 0.027697
1 0.030335
1 0.030058
1 0.030407
1 0.031586
1 0.030311
1 0.029847
1 0.030190
1 0.030739
1 0.030202
1 0.030323
1 0.030585
1 0.030219
1 0.027197
1 0.030480
1 0.030097
1 0.030370
1 0.030666
1 0.030288
1 0.029043
1 0.023636
1 0.028602
1 0.030353
1 0.030403
1 0.029177
1 0.029877
1 0.029848
1 0.023487
1 0.028276
1 0.029824
1 0.030484
1 0.030465
1 0.030440
1 0.028849
1 0.030419
1 0.030076
1 0.030211
1 0.030463
1 0.030034
1 0.030752
1 0.026784
1 0.030162
1 0.030493
1 0.030533
1 0.031977
1 0.030509
1 0.030685
1 0.026051
1 0.030869
1 0.030578
1 0.030744
1 0.030568
1 0.030542
1 0.027874
1 0.023569
1 0.029371
1 0.029988
1 0.030489
1 0.030333
1 0.030313
1 0.027928
1 0.029886
1 0.030221
1 0.027266
1 0.027611
1 0.029559
1 0.030495
1 0.028235
1 0.030385
1 0.030610
1 0.030389
1 0.030555
1 0.030313
1 0.023385
1 0.028027
1 0.031370
1 0.031524
1 0.030808
1 0.030783
1 0.030593
1 0.029921
1 0.030633
1 0.030436
1 0.030615
1 0.030802
1 0.032626
1 0.030577
1 0.030955
1 0.027631
1 0.023349
1 0.029254
1 0.030615
1 0.030400
1 0.030502
1 0.030711
1 0.030639
1 0.030377
1 0.024851
1 0.023427
1 0.023379
1 0.023402
1 0.023392
1 0.023539
1 0.023376
1 0.023357
1 0.023412
1 0.023403
1 0.028577
1 0.024066
1 0.023203
1 0.029077
1 0.030786
1 0.030631
1 0.030915
1 0.030690
1 0.030480
1 0.024358
1 0.029332
1 0.030787
1 0.030508
1 0.030941
1 0.030802
1 0.030367
1 0.030704
1 0.027180
1 0.029765
1 0.030389
1 0.030602
1 0.032328
1 0.030678
1 0.030514
1 0.030594
1 0.029546
1 0.030611
1 0.031705
1 0.030790
1 0.030692
1 0.030727
1 0.030425
1 0.030660
1 0.029544
1 0.023395
1 0.023340
1 0.023380
1 0.023484
1 0.023402
1 0.023484
1 0.023513
1 0.023367
1 0.025211
1 0.023445
1 0.027856
1 0.030723
1 0.024483
1 0.023405
1 0.023217
1 0.023228
1 0.023388
1 0.023266
1 0.023337
1 0.023277
1 0.027411
1 0.031223
1 0.030333
1 0.030641
1 0.030258
1 0.030279
1 0.030035
1 0.030497
1 0.029834
1 0.030614
1 0.031603
1 0.029493
1 0.030596
1 0.030406
1 0.030639
1 0.030459
1 0.029700
1 0.030042
1 0.030359
1 0.030517
1 0.030297
1 0.030373
1 0.030538
1 0.030178
1 0.029039
1 0.028535
1 0.030042
1 0.030453
1 0.030264
1 0.030604
1 0.032022
1 0.030799
1 0.030457
1 0.029019
1 0.030599
1 0.030425
1 0.030436
1 0.028084
1 0.029680
1 0.030622
1 0.029993
1 0.029737
1 0.030506
1 0.030692
1 0.030175
1 0.030337
1 0.030136
1 0.030233
1 0.030254
1 0.028168
1 0.023220
1 0.024843
1 0.023222
1 0.023455
1 0.023222
1 0.023292
1 0.023376
1 0.023264
1 0.023529
1 0.023204
1 0.023242
1 0.023318
1 0.023278
1 0.023305
1 0.023422
1 0.023219
1 0.023267
1 0.023311
1 0.023263
1 0.023325
1 0.023314
1 0.023215
1 0.023307
1 0.023223
1 0.023239
1 0.023345
1 0.023251
1 0.024954
1 0.023224
1 0.023411
1 0.023229
1 0.023241
1 0.023400
1 0.027084
1 0.030495
1 0.026317
1 0.030273
1 0.030289
1 0.030138
1 0.029840
1 0.025322
1 0.023425
1 0.023161
1 0.023330
1 0.023240
1 0.023270
1 0.023343
1 0.023284
1 0.023313
1 0.023547
1 0.029429
1 0.032492
1 0.030372
1 0.030210
1 0.030620
1 0.030391
1 0.030333
1 0.030448
1 0.029659
1 0.030403
1 0.029945
1 0.025720
1 0.026516
