0 0.023797
0 0.023809
0 0.024210
0 0.024278
0 0.024879
0 0.025380
0 0.026204
0 0.026230
0 0.026766
0 0.028524
0 0.028641
0 0.030507
0 0.031187
0 0.031837
0 0.033066
0 0.033068
0 0.033185
0 0.033448
0 0.033695
0 0.033869
0 0.034177
0 0.034253
0 0.034688
0 0.034690
0 0.036142
0 0.037528
0 0.038122
0 0.039200
0 0.040561
0 0.043301
0 0.043904
0 0.044852
0 0.046245
0 0.046488
0 0.046702
0 0.048015
0 0.049520
0 0.050109
0 0.052210
0 0.053735
0 0.054190
0 0.057801
1 0.023321
1 0.023390
1 0.023392
1 0.023836
1 0.023998
1 0.024367
1 0.024601
1 0.024807
1 0.025814
1 0.027077
1 0.027780
1 0.028525
1 0.029105
1 0.029209
1 0.029217
1 0.034202
1 0.034528
1 0.034791
1 0.035115
1 0.035127
1 0.035238
1 0.035417
1 0.035761
1 0.035809
1 0.035904
1 0.036604
1 0.038061
1 0.038235
1 0.038289
1 0.038754
1 0.040844
1 0.042232
1 0.042363
1 0.042756
1 0.043706
1 0.044706
1 0.046912
1 0.047119
1 0.049562
1 0.049773
1 0.050743
1 0.056239
1 0.057889
2 0.024437
2 0.027309
2 0.029180
2 0.033136
2 0.033370
2 0.034455
2 0.035839
2 0.051689
2 0.054607
2 0.056519
2 0.057468
2 0.058300
2 0.058849
2 0.061788
2 0.062752
2 0.063945
2 0.065673
2 0.065894
2 0.067258
2 0.069594
2 0.069751
2 0.070486
2 0.072701
2 0.075349
2 0.082469
2 0.088858
