1 0.053474
1 0.037524
1 0.024174
1 0.029892
1 0.036338
1 0.043113
1 0.042137
1 0.042259
1 0.042699
1 0.039059
1 0.041097
1 0.041145
1 0.043079
1 0.043210
1 0.040818
1 0.029985
1 0.023244
1 0.023281
1 0.023315
1 0.023274
1 0.023271
1 0.023260
1 0.023272
1 0.023254
1 0.023244
1 0.023274
1 0.023349
1 0.023270
1 0.023273
1 0.023282
1 0.023258
1 0.023252
1 0.026573
1 0.023271
1 0.023456
1 0.023280
1 0.050606
1 0.087323
1 0.091649
1 0.023280
1 0.026787
1 0.043439
1 0.042007
1 0.042112
1 0.042977
1 0.041175
1 0.037343
1 0.037065
1 0.041283
1 0.043012
1 0.043594
1 0.040870
1 0.039114
1 0.043476
1 0.043570
1 0.042062
1 0.042562
1 0.043355
1 0.031769
1 0.034821
1 0.043497
1 0.042428
1 0.043573
1 0.042276
1 0.037932
1 0.041650
1 0.041716
1 0.042998
1 0.042184
1 0.041885
1 0.038203
1 0.039789
1 0.043241
1 0.043555
1 0.040030
1 0.035625
1 0.040822
1 0.034762
1 0.042364
1 0.043118
1 0.040772
1 0.043252
1 0.042306
1 0.037678
1 0.043688
1 0.043191
1 0.030766
1 0.023364
1 0.023291
1 0.023341
1 0.023364
1 0.023296
1 0.034509
1 0.041769
1 0.043106
1 0.041205
1 0.042753
1 0.032506
1 0.037786
1 0.042942
1 0.041642
1 0.040495
1 0.042689
1 0.037557
1 0.032166
1 0.042841
1 0.042056
1 0.040425
1 0.043230
1 0.041846
1 0.034283
1 0.043072
1 0.041845
1 0.042143
1 0.041691
1 0.042725
1 0.024012
1 0.023243
1 0.023306
1 0.023266
1 0.023590
1 0.023235
1 0.023260
1 0.023252
1 0.023270
1 0.023244
1 0.023340
1 0.035671
1 0.041672
1 0.043002
1 0.041944
1 0.041614
1 0.038638
1 0.033387
1 0.042534
1 0.041805
1 0.041716
1 0.043256
1 0.040819
1 0.024020
1 0.023265
1 0.023301
1 0.023245
1 0.023251
1 0.023254
1 0.023250
1 0.023267
1 0.023293
1 0.023228
1 0.029163
1 0.028610
1 0.039109
1 0.042805
1 0.040961
1 0.042856
1 0.043081
1 0.035450
1 0.034772
1 0.032968
1 0.041454
1 0.043502
1 0.040454
1 0.034220
1 0.042925
1 0.041325
1 0.041990
1 0.041845
1 0.043136
1 0.033203
1 0.023309
1 0.023249
1 0.023246
1 0.023265
1 0.023249
1 0.023217
1 0.023235
1 0.023265
1 0.023234
1 0.023226
1 0.035715
1 0.043269
1 0.042618
1 0.041953
1 0.041054
1 0.042023
1 0.024719
1 0.023245
1 0.023232
1 0.023302
1 0.023271
1 0.023259
1 0.023250
1 0.023238
1 0.023301
1 0.041006
1 0.023605
1 0.026726
1 0.042725
1 0.040985
1 0.043026
1 0.042696
1 0.041112
1 0.042861
1 0.041573
1 0.040360
1 0.041537
1 0.043035
1 0.038478
1 0.041601
1 0.042611
1 0.042829
1 0.043190
1 0.042026
1 0.035237
1 0.027768
1 0.023274
1 0.023242
1 0.025940
1 0.028987
1 0.023297
1 0.035348
1 0.035425
1 0.037599
1 0.042127
1 0.042206
1 0.043087
1 0.040335
1 0.043135
1 0.036157
1 0.042446
1 0.041009
1 0.043315
1 0.042658
1 0.041193
1 0.032869
1 0.041572
1 0.042898
1 0.040827
1 0.040011
1 0.043001
1 0.033010
1 0.038046
1 0.041527
1 0.043079
1 0.041096
1 0.043060
1 0.036600
1 0.023280
1 0.023251
1 0.023227
1 0.023234
1 0.023277
1 0.023277
1 0.023242
1 0.023261
1 0.023333
1 0.023358
1 0.023440
1 0.023259
1 0.040474
1 0.040724
1 0.042894
1 0.042020
1 0.042520
1 0.023254
1 0.023286
1 0.034571
1 0.042333
1 0.043235
1 0.029965
1 0.023276
2 0.031918
2 0.031267
2 0.697554
2 0.470216
2 0.868015
2 0.663497
2 0.740778
2 0.627730
2 0.650637
2 0.710840
2 0.695628
2 0.569096
2 0.756004
2 0.641014
2 0.676874
2 0.678258
0 0.023268
0 0.023336
0 0.023226
0 0.025929
0 0.023239
0 0.023247
0 0.025849
0 0.023282
0 0.028486
0 0.023217
0 0.023262
0 0.023360
0 0.023276
0 0.026374
0 0.023416
0 0.023249
0 0.025059
0 0.023249
0 0.027948
0 0.023404
0 0.023441
0 0.024569
0 0.034172
0 0.033643
0 0.031477
0 0.042920
0 0.033107
0 0.044273
0 0.047055
0 0.047070
0 0.044397
0 0.049287
0 0.031927
0 0.048829
0 0.044585
0 0.044658
0 0.048386
0 0.047493
0 0.044161
0 0.047107
0 0.044586
0 0.047334
0 0.050301
0 0.025677
0 0.044561
0 0.044487
0 0.046649
0 0.047182
0 0.044068
0 0.045156
0 0.047338
0 0.044888
0 0.047401
0 0.047516
0 0.042423
0 0.044268
0 0.044479
0 0.047357
0 0.034076
0 0.046955
0 0.034811
0 0.049767
0 0.044486
0 0.048641
0 0.046039
0 0.048172
0 0.044644
0 0.044473
0 0.042182
0 0.023648
0 0.023689
0 0.023844
0 0.023382
0 0.025318
0 0.040542
0 0.044554
0 0.049062
0 0.044672
0 0.044212
0 0.039615
0 0.042720
0 0.047742
0 0.050160
0 0.044627
0 0.035100
0 0.039779
0 0.046743
0 0.050732
0 0.044739
0 0.044187
0 0.034848
0 0.048881
0 0.047042
0 0.047894
0 0.048258
0 0.038730
0 0.023388
0 0.024357
0 0.025883
0 0.023437
0 0.025568
0 0.023355
0 0.026734
0 0.023363
0 0.023452
0 0.026979
0 0.034314
0 0.047172
0 0.044203
0 0.046473
0 0.050156
0 0.032505
0 0.046163
0 0.047985
0 0.047893
0 0.044177
0 0.049566
0 0.023398
0 0.023402
0 0.023531
0 0.023497
0 0.029005
0 0.023529
0 0.023337
0 0.023474
0 0.023441
0 0.029249
0 0.026709
0 0.045941
0 0.048979
0 0.051568
0 0.047101
0 0.044991
0 0.046397
0 0.025193
0 0.051390
0 0.045539
0 0.050438
0 0.035492
0 0.044512
0 0.050235
0 0.044683
0 0.046387
0 0.047008
0 0.023495
0 0.023472
0 0.023474
0 0.023458
0 0.027966
0 0.023370
0 0.023498
0 0.023452
0 0.025084
0 0.028437
0 0.042951
0 0.044466
0 0.047540
0 0.044601
0 0.051054
0 0.029362
0 0.023963
0 0.024364
0 0.023557
0 0.027480
0 0.023343
0 0.023597
0 0.027768
0 0.027029
0 0.038442
0 0.026834
0 0.036805
0 0.048922
0 0.044717
0 0.044671
0 0.050218
0 0.044804
0 0.043127
0 0.053011
0 0.044436
0 0.045066
0 0.048746
0 0.045042
0 0.044568
0 0.044578
0 0.046652
0 0.044460
0 0.023508
0 0.023314
0 0.023586
0 0.030006
0 0.028948
0 0.023421
0 0.048749
0 0.034675
0 0.044587
0 0.046773
0 0.047842
0 0.050510
0 0.044678
0 0.037439
0 0.045584
0 0.049466
0 0.044825
0 0.048610
0 0.036137
0 0.044829
0 0.044900
0 0.049140
0 0.051290
0 0.044747
0 0.028267
0 0.044601
0 0.049159
0 0.045056
0 0.048331
0 0.041444
0 0.029006
0 0.023463
0 0.023353
0 0.023509
0 0.023349
0 0.030905
0 0.023387
0 0.023436
0 0.025404
0 0.023410
0 0.023508
0 0.032536
0 0.049342
0 0.044705
0 0.047028
0 0.044940
0 0.025997
0 0.023310
0 0.042320
0 0.048846
0 0.046450
0 0.028474
