0 0.029296
0 0.030230
0 0.023298
0 0.028499
0 0.029682
0 0.029830
0 0.029994
0 0.029996
0 0.029451
0 0.030077
0 0.029965
0 0.026762
0 0.027222
0 0.030241
0 0.030168
0 0.029979
0 0.029966
0 0.029900
0 0.030043
0 0.029282
0 0.029527
0 0.030117
0 0.030005
0 0.030248
0 0.030033
0 0.029690
0 0.030056
0 0.030252
0 0.024934
0 0.023270
0 0.028582
0 0.025908
0 0.031272
0 0.029619
0 0.035943
0 0.028698
0 0.029282
0 0.053022
0 0.093264
0 0.093015
0 0.098580
0 0.027228
0 0.026692
0 0.029669
0 0.030046
0 0.029985
0 0.027251
0 0.029901
0 0.030020
0 0.029844
0 0.030067
0 0.028754
0 0.024845
0 0.030285
0 0.029610
0 0.028806
0 0.030309
0 0.029966
0 0.029990
0 0.030174
0 0.029584
0 0.029930
0 0.029958
0 0.025135
0 0.023277
0 0.023289
0 0.023334
0 0.023284
0 0.023260
0 0.023260
0 0.023368
0 0.023318
0 0.023254
0 0.023364
0 0.026384
0 0.029942
0 0.030035
0 0.029980
0 0.030295
0 0.030143
0 0.029995
0 0.030251
0 0.029468
0 0.030042
0 0.029629
0 0.029939
0 0.029512
0 0.029796
0 0.029954
0 0.030234
0 0.029750
0 0.030073
0 0.030175
0 0.029886
0 0.030764
0 0.030191
0 0.030047
0 0.030614
0 0.029342
0 0.029960
0 0.030270
0 0.030417
0 0.030100
0 0.029757
0 0.029900
0 0.029676
0 0.029649
0 0.027305
0 0.030018
0 0.030446
0 0.029550
0 0.029658
0 0.030015
0 0.029656
0 0.030061
0 0.028199
0 0.029695
0 0.026092
0 0.029867
0 0.030038
0 0.030119
0 0.030041
0 0.030532
0 0.029979
0 0.024769
0 0.030064
0 0.029860
0 0.030171
0 0.030121
0 0.029818
0 0.030005
0 0.029755
0 0.027328
0 0.030092
0 0.029824
0 0.029862
0 0.029699
0 0.030412
0 0.030238
0 0.028447
0 0.029132
0 0.024928
0 0.029766
0 0.030425
0 0.029864
0 0.029813
0 0.029908
0 0.030031
0 0.029685
0 0.027042
0 0.029782
0 0.029945
0 0.029762
0 0.029958
0 0.030168
0 0.029668
0 0.030020
0 0.029387
0 0.030386
0 0.030231
0 0.029958
0 0.029876
0 0.030705
0 0.029803
0 0.030257
0 0.029715
0 0.029829
0 0.029786
0 0.030341
0 0.030006
0 0.029806
0 0.029924
0 0.030291
0 0.029489
0 0.029230
0 0.030013
0 0.029629
0 0.030165
0 0.030360
0 0.030292
0 0.029763
0 0.030095
0 0.026653
0 0.029117
0 0.030150
0 0.029673
0 0.030031
0 0.029934
0 0.030080
0 0.029884
0 0.029042
0 0.027795
0 0.030194
0 0.029625
0 0.029758
0 0.030123
0 0.030366
0 0.029840
0 0.029970
0 0.028015
0 0.030259
0 0.030167
0 0.030545
0 0.030197
0 0.029988
0 0.029734
0 0.028451
0 0.028140
0 0.023271
0 0.023291
0 0.023272
0 0.023231
0 0.023264
0 0.023241
0 0.023291
0 0.023259
0 0.023229
0 0.023249
0 0.028096
0 0.029946
0 0.029799
0 0.029507
0 0.030225
0 0.029901
0 0.029784
0 0.030350
0 0.028538
0 0.030085
0 0.030081
0 0.029751
0 0.029573
0 0.030063
0 0.030605
0 0.030173
0 0.029571
0 0.027838
0 0.029775
0 0.029922
0 0.030318
0 0.029912
0 0.030173
0 0.029380
0 0.030524
0 0.027781
0 0.030271
0 0.030141
0 0.029936
0 0.029830
0 0.025177
0 0.029979
0 0.028005
0 0.028493
0 0.023294
0 0.023234
0 0.023233
0 0.023216
0 0.024086
0 0.023369
0 0.023328
0 0.023316
0 0.023301
0 0.023366
0 0.023422
0 0.023343
0 0.023366
0 0.027705
0 0.029746
0 0.027630
0 0.030166
0 0.030645
0 0.029589
0 0.029891
0 0.030478
0 0.030111
0 0.030258
0 0.031368
0 0.030252
0 0.030093
0 0.030177
0 0.030788
0 0.032120
0 0.030035
0 0.030058
0 0.030283
0 0.030151
0 0.030138
0 0.030041
1 0.035057
1 0.031906
1 0.032363
1 0.040402
1 0.038128
1 0.043505
1 0.032839
1 0.038115
1 0.036598
1 0.032033
1 0.043137
1 0.033760
1 0.038682
1 0.040729
1 0.035274
1 0.035832
1 0.042367
1 0.036233
1 0.040571
1 0.035730
1 0.038337
1 0.035935
1 0.031270
1 0.030108
1 0.023395
1 0.023287
1 0.023281
1 0.023286
1 0.023246
1 0.025006
1 0.024207
1 0.023224
1 0.024393
1 0.026892
1 0.023954
1 0.025984
1 0.024125
1 0.042440
1 0.047777
1 0.032878
1 0.053911
1 0.042117
1 0.064310
1 0.040060
1 0.038025
1 0.036463
1 0.037373
1 0.032973
1 0.037158
1 0.036325
1 0.038214
1 0.038099
1 0.039210
1 0.033374
1 0.041137
1 0.033157
1 0.040139
1 0.037279
1 0.036711
1 0.032491
1 0.028827
1 0.026641
1 0.030705
1 0.029544
1 0.029860
1 0.028107
1 0.029428
1 0.035205
1 0.036755
1 0.038630
1 0.040763
1 0.036360
1 0.040344
1 0.036566
1 0.036688
1 0.040169
1 0.034657
1 0.038890
1 0.042798
1 0.032966
1 0.040310
1 0.036036
1 0.040466
1 0.035909
1 0.042573
1 0.037485
1 0.036432
1 0.037999
1 0.039487
1 0.035370
1 0.038323
1 0.043284
1 0.032201
1 0.037319
1 0.035413
1 0.039232
1 0.036227
1 0.043034
1 0.034176
1 0.036476
1 0.034485
1 0.035878
1 0.040422
1 0.040299
1 0.033008
1 0.040761
1 0.032663
1 0.036100
1 0.038724
1 0.036084
1 0.040988
1 0.037838
1 0.036838
1 0.033359
1 0.036866
1 0.045248
1 0.033544
1 0.041585
1 0.037789
1 0.034822
1 0.028794
1 0.045720
1 0.032405
1 0.043905
1 0.037945
1 0.034323
1 0.036622
1 0.033761
1 0.037778
1 0.043927
1 0.037786
1 0.035031
1 0.037412
1 0.036835
1 0.043009
1 0.037929
1 0.036084
1 0.035271
1 0.043194
1 0.032197
1 0.039055
1 0.041968
1 0.033638
1 0.039940
1 0.037334
1 0.037322
1 0.033567
1 0.041032
1 0.037902
1 0.039167
1 0.043987
1 0.036055
1 0.033577
1 0.034045
1 0.037968
1 0.040708
1 0.039572
1 0.037937
1 0.035534
1 0.033949
1 0.042580
1 0.033366
1 0.037562
1 0.040164
1 0.035280
1 0.038659
1 0.040320
1 0.035776
1 0.037838
1 0.042432
1 0.035477
1 0.039286
1 0.031931
1 0.030978
1 0.028118
1 0.028398
1 0.030197
1 0.028386
1 0.031064
1 0.033890
1 0.028417
1 0.037282
1 0.034104
1 0.045964
1 0.036486
1 0.040473
1 0.033918
1 0.034967
1 0.043410
1 0.035095
1 0.037668
1 0.043374
1 0.034566
1 0.040223
1 0.033342
1 0.045509
1 0.029972
1 0.042691
1 0.033294
1 0.045041
1 0.032534
1 0.034604
1 0.045931
1 0.034978
1 0.024046
1 0.036144
1 0.040097
1 0.032684
1 0.027034
1 0.030995
1 0.027543
1 0.036249
1 0.023235
1 0.028024
1 0.031015
1 0.031008
1 0.032105
1 0.035124
1 0.037449
1 0.032311
1 0.033585
1 0.037578
1 0.041795
1 0.038380
1 0.032983
1 0.039353
1 0.038187
1 0.037458
1 0.044328
1 0.030110
1 0.037623
1 0.041404
1 0.038154
1 0.038085
1 0.040035
2 0.139264
2 0.142966
2 0.121333
2 0.141850
2 0.154953
2 0.132981
2 0.117408
2 0.113337
2 0.206358
2 0.155606
2 0.154747
2 0.149197
2 0.114488
2 0.140569
2 0.136828
2 0.110536
2 0.115302
2 0.130092
2 0.146230
2 0.140342
2 0.148486
2 0.150963
2 0.140780
2 0.146151
2 0.133023
2 0.152340
2 0.136424
2 0.150990
2 0.130928
2 0.149134
2 0.137803
2 0.117179
2 0.151669
2 0.135124
2 0.156348
2 0.117290
2 0.174109
2 0.137661
2 0.142279
2 0.122996
2 0.141590
2 0.148501
2 0.136405
2 0.157551
2 0.113130
2 0.118548
2 0.097158
2 0.148224
2 0.153281
2 0.128166
2 0.146902
2 0.128521
2 0.144232
2 0.151589
2 0.113275
2 0.113047
2 0.109518
2 0.151131
2 0.141348
2 0.127548
2 0.145152
