1 0.030420
1 0.066067
1 0.050686
1 0.041294
1 0.051146
1 0.036262
1 0.048433
1 0.048032
1 0.041674
1 0.043562
1 0.043623
1 0.048511
1 0.045049
1 0.038868
1 0.041271
1 0.050849
1 0.041973
1 0.044135
1 0.045202
1 0.040070
1 0.038994
1 0.047868
1 0.046812
1 0.042904
1 0.041504
1 0.041712
1 0.033662
1 0.064863
1 0.098067
1 0.033037
1 0.075045
1 0.032284
1 0.027528
1 0.030232
1 0.029673
1 0.029831
1 0.029492
1 0.029875
1 0.030109
1 0.023719
1 0.024523
1 0.030036
1 0.028096
1 0.026742
1 0.031065
1 0.029228
1 0.028870
1 0.031512
1 0.030089
1 0.029630
1 0.030050
1 0.030295
1 0.029265
1 0.023283
1 0.023373
1 0.023268
1 0.023317
1 0.023280
1 0.023272
1 0.023243
1 0.023288
1 0.026701
1 0.030125
1 0.030035
1 0.031301
1 0.024612
1 0.030006
1 0.030048
1 0.029370
1 0.030104
1 0.029953
1 0.030204
1 0.029869
1 0.030191
1 0.029387
1 0.029421
1 0.030266
1 0.030079
1 0.029994
1 0.030148
1 0.029771
1 0.028978
1 0.030008
1 0.030206
1 0.029914
1 0.028958
1 0.029992
1 0.029975
1 0.028119
1 0.029966
1 0.029880
1 0.030244
1 0.030153
1 0.029533
1 0.030130
1 0.027852
1 0.029971
1 0.029902
1 0.030290
1 0.029797
1 0.029866
1 0.028395
1 0.028896
1 0.029937
1 0.029771
1 0.031894
1 0.030074
1 0.029132
1 0.023372
1 0.023278
1 0.023913
1 0.023275
1 0.025702
1 0.030104
1 0.029951
1 0.030035
1 0.027351
1 0.029983
1 0.029811
1 0.029646
1 0.029867
1 0.029954
1 0.028435
1 0.026435
1 0.029664
1 0.029890
1 0.032184
1 0.026827
1 0.030265
1 0.028113
1 0.027219
1 0.050182
1 0.038547
1 0.037718
1 0.036547
1 0.045249
1 0.042278
1 0.045623
1 0.045235
1 0.050895
1 0.046506
1 0.044457
1 0.047786
1 0.036577
1 0.048686
1 0.045709
1 0.040700
1 0.045991
1 0.027004
1 0.030036
1 0.030108
1 0.029661
1 0.029920
1 0.030226
1 0.029926
1 0.026608
1 0.029857
1 0.030179
1 0.029936
1 0.029250
1 0.024051
1 0.029660
1 0.028521
1 0.030037
1 0.029995
1 0.029787
1 0.030204
1 0.029886
1 0.028835
1 0.024798
1 0.028646
1 0.030142
1 0.030141
1 0.028683
1 0.028122
1 0.029069
1 0.026335
1 0.030086
1 0.030213
1 0.029848
1 0.028849
1 0.023152
1 0.023305
1 0.028237
1 0.030465
1 0.029792
1 0.025030
1 0.028623
1 0.030044
1 0.029962
1 0.023280
1 0.027616
1 0.029953
1 0.030004
1 0.030003
1 0.030161
1 0.029876
1 0.029246
1 0.029862
1 0.029534
1 0.030561
1 0.029211
1 0.023298
1 0.023211
1 0.027074
1 0.028483
1 0.023256
1 0.023291
1 0.023244
1 0.023296
1 0.023275
1 0.023217
1 0.023592
1 0.028140
1 0.027894
1 0.029766
1 0.030079
1 0.029818
1 0.030289
2 0.023411
2 0.025310
2 0.027346
2 0.027626
2 0.028862
2 0.072627
2 0.100773
2 0.073369
2 0.099469
2 0.074183
2 0.098463
2 0.075884
2 0.069560
2 0.081850
2 0.096561
2 0.074883
2 0.093728
2 0.085801
2 0.094937
2 0.136421
2 0.098628
2 0.071755
2 0.089513
2 0.119005
2 0.079515
2 0.089387
2 0.089233
2 0.077034
2 0.052022
2 0.080114
2 0.090418
2 0.083432
2 0.077516
2 0.102953
2 0.073108
2 0.093090
2 0.078843
2 0.101636
2 0.078148
2 0.084627
2 0.091147
2 0.075975
2 0.099407
2 0.079116
2 0.092200
2 0.086862
2 0.066408
2 0.075631
2 0.084812
2 0.088125
2 0.090072
2 0.089854
2 0.065954
2 0.081244
2 0.061915
2 0.074295
2 0.093747
2 0.087713
2 0.080787
2 0.098376
2 0.088906
2 0.091149
2 0.075974
2 0.085875
2 0.082977
2 0.090634
2 0.089102
2 0.071868
2 0.098813
2 0.079526
2 0.086351
2 0.083273
2 0.075243
2 0.098469
2 0.080282
2 0.080512
2 0.082399
2 0.085540
2 0.083161
2 0.100232
2 0.074224
2 0.079605
2 0.077245
2 0.065817
2 0.063918
2 0.095233
0 0.046952
0 0.048450
0 0.052425
0 0.029922
0 0.030196
0 0.029887
0 0.029777
0 0.030054
0 0.027541
0 0.027633
0 0.030065
0 0.029704
0 0.029859
0 0.030103
0 0.029722
0 0.027987
0 0.030021
0 0.030075
0 0.028029
0 0.025790
0 0.029974
0 0.030006
0 0.030290
0 0.029707
0 0.029844
0 0.025404
0 0.025697
0 0.030068
0 0.026991
0 0.027475
0 0.030215
0 0.029426
0 0.036608
0 0.028022
0 0.029877
0 0.029878
0 0.066486
0 0.045970
0 0.040642
0 0.042174
0 0.065428
0 0.085470
0 0.039774
0 0.041262
0 0.044000
0 0.046626
0 0.048369
0 0.039672
0 0.028725
0 0.063782
0 0.064798
0 0.044006
0 0.043956
0 0.047905
0 0.044081
0 0.044150
0 0.040387
0 0.028277
0 0.042139
0 0.034084
0 0.034359
0 0.032096
0 0.045167
0 0.046168
0 0.040215
0 0.040829
0 0.050884
0 0.045126
0 0.044301
0 0.043021
0 0.052720
0 0.045158
0 0.038666
0 0.052396
0 0.044883
0 0.043192
0 0.044226
0 0.046105
0 0.045968
0 0.043390
0 0.041459
0 0.044733
0 0.048381
0 0.045732
0 0.041208
0 0.043777
0 0.044565
0 0.051839
0 0.039470
0 0.048769
0 0.042770
0 0.043226
0 0.041279
0 0.039349
0 0.029036
0 0.041050
0 0.046392
0 0.041808
0 0.046883
0 0.044049
0 0.050436
0 0.044456
0 0.041165
0 0.040235
0 0.046151
0 0.043357
0 0.043186
0 0.040285
0 0.040411
0 0.029695
0 0.028634
0 0.023399
0 0.023256
0 0.023667
0 0.029860
0 0.029971
0 0.030251
0 0.029672
0 0.030018
0 0.029945
0 0.029872
0 0.030435
0 0.030058
0 0.029901
0 0.031274
0 0.030197
0 0.029888
0 0.028504
0 0.029998
0 0.030090
0 0.030039
0 0.030103
0 0.030061
0 0.042685
0 0.050419
0 0.042110
0 0.044327
0 0.044640
0 0.044271
0 0.049404
0 0.045017
0 0.039849
0 0.046616
0 0.045855
0 0.037695
0 0.053971
0 0.040105
0 0.043814
0 0.042072
0 0.045695
0 0.046018
0 0.038439
0 0.043321
0 0.050308
0 0.038579
0 0.037124
0 0.044733
0 0.041331
0 0.045075
0 0.043320
0 0.039836
0 0.040771
0 0.046091
0 0.043000
0 0.051296
0 0.037363
0 0.044252
0 0.049700
0 0.036405
0 0.041847
0 0.040452
0 0.037692
0 0.039159
0 0.031175
0 0.036488
0 0.039646
0 0.042106
0 0.042840
0 0.049133
