0 0.023136
0 0.023224
0 0.023274
0 0.023291
0 0.023306
0 0.023315
0 0.023323
0 0.023341
0 0.023371
0 0.023383
0 0.023395
0 0.023396
0 0.023407
0 0.023415
0 0.023420
0 0.023463
0 0.023465
0 0.023475
0 0.023499
0 0.023502
0 0.023521
0 0.023536
0 0.023536
0 0.023561
0 0.023590
0 0.023593
0 0.023611
0 0.023708
0 0.024158
0 0.024239
0 0.024316
0 0.024458
0 0.024465
0 0.024472
0 0.024476
0 0.024506
0 0.024569
0 0.024598
0 0.024621
0 0.024629
0 0.024665
0 0.024680
0 0.024837
0 0.024986
0 0.025091
0 0.025192
0 0.025276
0 0.025284
0 0.025307
0 0.025312
0 0.025349
0 0.025352
0 0.025369
0 0.025415
0 0.025618
0 0.025650
0 0.025710
0 0.025768
0 0.025953
0 0.025981
0 0.025981
0 0.026063
0 0.026066
0 0.026306
0 0.026317
0 0.026327
0 0.026475
0 0.026540
0 0.026568
0 0.026572
0 0.026671
0 0.026723
0 0.026766
0 0.026842
0 0.026846
0 0.026868
0 0.026874
0 0.026921
0 0.026935
0 0.027041
0 0.027052
0 0.027070
0 0.027076
0 0.027086
0 0.027104
0 0.027110
0 0.027124
0 0.027152
0 0.027203
0 0.027209
0 0.027211
0 0.027244
0 0.027307
0 0.027311
0 0.027321
0 0.027329
0 0.027337
0 0.027342
0 0.027345
0 0.027356
0 0.027364
0 0.027365
0 0.027376
0 0.027379
0 0.027381
0 0.027388
0 0.027391
0 0.027403
0 0.027407
0 0.027410
0 0.027414
0 0.027415
0 0.027420
0 0.027423
0 0.027431
0 0.027433
0 0.027435
0 0.027437
0 0.027437
0 0.027445
0 0.027451
0 0.027458
0 0.027460
0 0.027466
0 0.027486
0 0.027488
0 0.027509
0 0.027516
0 0.027517
0 0.027530
0 0.027533
0 0.027537
0 0.027559
0 0.027562
0 0.027570
0 0.027573
0 0.027579
0 0.027583
0 0.027583
0 0.027584
0 0.027595
0 0.027597
0 0.027607
0 0.027610
0 0.027625
0 0.027653
0 0.027653
0 0.027656
0 0.027663
0 0.027673
0 0.027682
0 0.027688
0 0.027699
0 0.027715
0 0.027716
0 0.027723
0 0.027729
0 0.027732
0 0.027739
0 0.027745
0 0.027750
0 0.027763
0 0.027764
0 0.027771
0 0.027784
0 0.027787
0 0.027802
0 0.027808
0 0.027825
0 0.027830
0 0.027836
0 0.027838
0 0.027846
0 0.027881
0 0.027920
0 0.027932
0 0.027939
0 0.027942
0 0.027964
0 0.027964
0 0.027971
0 0.028002
0 0.028029
0 0.028043
0 0.028050
0 0.028066
0 0.028076
0 0.028091
0 0.028092
0 0.028131
0 0.028135
0 0.028151
0 0.028208
0 0.028209
0 0.028212
0 0.028246
0 0.028252
0 0.028274
0 0.028278
0 0.028288
0 0.028292
0 0.028320
0 0.028330
0 0.028339
0 0.028358
0 0.028387
0 0.028395
0 0.028405
0 0.028430
0 0.028440
0 0.028463
0 0.028509
0 0.028531
0 0.028542
0 0.028618
0 0.028619
0 0.028629
0 0.028670
0 0.028671
0 0.028732
0 0.028747
0 0.028752
0 0.028759
0 0.028762
0 0.028773
0 0.028777
0 0.028787
0 0.028824
0 0.028882
0 0.028945
0 0.028948
0 0.028949
0 0.028963
0 0.029012
0 0.029037
0 0.029058
0 0.029067
0 0.029084
0 0.029126
0 0.029166
0 0.029174
0 0.029400
0 0.029596
0 0.029814
0 0.030647
0 0.030753
0 0.030803
0 0.030858
0 0.031208
0 0.031213
0 0.031477
0 0.031609
0 0.031866
0 0.032107
0 0.032197
0 0.032200
0 0.032439
0 0.032566
0 0.032571
0 0.032609
0 0.032628
0 0.032670
0 0.032789
0 0.032800
0 0.032807
0 0.032847
0 0.033270
0 0.033426
0 0.033518
0 0.034268
0 0.034332
0 0.034388
0 0.034423
0 0.034663
0 0.034763
0 0.034904
0 0.035045
0 0.035166
0 0.035181
0 0.035516
0 0.035711
0 0.035783
0 0.035831
0 0.035840
0 0.035856
0 0.035966
0 0.035979
0 0.036016
0 0.036020
0 0.036022
0 0.036065
0 0.036180
0 0.036585
0 0.036617
0 0.036717
0 0.036752
0 0.036830
0 0.036854
0 0.036880
0 0.036974
0 0.037033
0 0.037081
0 0.037233
0 0.037281
0 0.037318
0 0.037478
0 0.037494
0 0.037496
0 0.037521
0 0.037660
0 0.037676
0 0.037814
0 0.037842
0 0.038019
0 0.038114
0 0.038308
0 0.038312
0 0.038382
0 0.038437
0 0.038586
0 0.038649
0 0.038663
0 0.038668
0 0.038889
0 0.038938
0 0.039016
0 0.039068
0 0.039073
0 0.039081
0 0.039163
0 0.039235
0 0.039276
0 0.039323
0 0.039328
0 0.039360
0 0.039371
0 0.039590
0 0.039596
0 0.039597
0 0.039605
0 0.039616
0 0.039677
0 0.039838
0 0.039844
0 0.039876
0 0.039893
0 0.039925
0 0.039990
0 0.040110
0 0.040184
0 0.040188
0 0.040331
0 0.040342
0 0.040534
0 0.040639
0 0.040773
0 0.040831
0 0.040846
0 0.040958
0 0.041078
0 0.041110
0 0.041254
0 0.041461
0 0.041894
0 0.042250
0 0.043730
0 0.044218
0 0.044654
0 0.044986
0 0.045287
0 0.045633
0 0.046208
0 0.046289
0 0.046540
0 0.046717
0 0.047575
0 0.047941
0 0.048108
0 0.048141
0 0.048985
0 0.049099
0 0.049320
0 0.053757
0 0.058383
0 0.061377
0 0.063543
1 0.023235
1 0.023240
1 0.023267
1 0.023286
1 0.023301
1 0.023366
1 0.023411
1 0.023415
1 0.023439
1 0.023442
1 0.023518
1 0.023545
1 0.023548
1 0.023552
1 0.023565
1 0.023581
1 0.023612
1 0.023661
1 0.023705
1 0.023844
1 0.023866
1 0.024005
1 0.024059
1 0.024139
1 0.024301
1 0.024330
1 0.024404
1 0.024470
1 0.024689
1 0.024696
1 0.024732
1 0.024734
1 0.024810
1 0.024819
1 0.024837
1 0.025027
1 0.025044
1 0.025174
1 0.025204
1 0.025286
1 0.025296
1 0.025331
1 0.025428
1 0.025440
1 0.025445
1 0.025472
1 0.025511
1 0.025641
1 0.025712
1 0.025754
1 0.025757
1 0.025771
1 0.025774
1 0.025834
1 0.025885
1 0.025887
1 0.025887
1 0.025921
1 0.025957
1 0.026030
1 0.026175
1 0.026209
1 0.026345
1 0.026350
1 0.026352
1 0.026365
1 0.026441
1 0.026445
1 0.026496
1 0.026509
1 0.026519
1 0.026548
1 0.026549
1 0.026569
1 0.026583
1 0.026587
1 0.026616
1 0.026658
1 0.026716
1 0.026747
1 0.026850
1 0.026878
1 0.026899
1 0.026987
1 0.027024
1 0.027037
1 0.027041
1 0.027065
1 0.027070
1 0.027075
1 0.027080
1 0.027116
1 0.027216
1 0.027221
1 0.027231
1 0.027245
1 0.027256
1 0.027281
1 0.027288
1 0.027294
1 0.027310
1 0.027346
1 0.027362
1 0.027386
1 0.027406
1 0.027453
1 0.027460
1 0.027466
1 0.027491
1 0.027500
1 0.027514
1 0.027534
1 0.027538
1 0.027539
1 0.027546
1 0.027580
1 0.027586
1 0.027595
1 0.027600
1 0.027608
1 0.027613
1 0.027623
1 0.027629
1 0.027630
1 0.027632
1 0.027643
1 0.027647
1 0.027655
1 0.027664
1 0.027668
1 0.027672
1 0.027673
1 0.027701
1 0.027703
1 0.027708
1 0.027720
1 0.027730
1 0.027768
1 0.027788
1 0.027825
1 0.027833
1 0.027841
1 0.027848
1 0.027869
1 0.027878
1 0.027882
1 0.027925
1 0.027929
1 0.027935
1 0.027949
1 0.027951
1 0.028019
1 0.028025
1 0.028042
1 0.028113
1 0.028121
1 0.028131
1 0.028132
1 0.028135
1 0.028149
1 0.028189
1 0.028204
1 0.028219
1 0.028409
1 0.028449
1 0.028479
1 0.028500
1 0.028508
1 0.028619
1 0.028628
1 0.028698
1 0.028701
1 0.028759
1 0.028833
1 0.028833
1 0.028856
1 0.028880
1 0.028903
1 0.029067
1 0.029132
1 0.029431
1 0.029522
1 0.029648
1 0.029815
1 0.030194
1 0.030407
1 0.030470
1 0.030493
1 0.030534
1 0.030777
1 0.030859
1 0.031067
1 0.031142
1 0.031276
1 0.031296
1 0.031457
1 0.031536
1 0.031737
1 0.031809
1 0.031929
1 0.032039
1 0.032126
1 0.032146
1 0.032644
1 0.032762
1 0.032779
1 0.032888
1 0.033451
1 0.033738
1 0.033795
1 0.033833
1 0.033901
1 0.034015
1 0.034185
1 0.034196
1 0.034336
1 0.034560
1 0.034742
1 0.035158
1 0.035291
1 0.035372
1 0.035389
1 0.035502
1 0.035580
1 0.035721
1 0.035730
1 0.035770
1 0.035941
1 0.036098
1 0.036618
1 0.036788
1 0.036798
1 0.036812
1 0.036994
1 0.037109
1 0.037302
1 0.037372
1 0.037486
1 0.037648
1 0.037658
1 0.037774
1 0.037886
1 0.037959
1 0.037971
1 0.038151
1 0.038156
1 0.038445
1 0.038484
1 0.038509
1 0.038619
1 0.038667
1 0.038688
1 0.038691
1 0.038734
1 0.038783
1 0.038852
1 0.038899
1 0.038937
1 0.038976
1 0.038976
1 0.039123
1 0.039140
1 0.039150
1 0.039166
1 0.039186
1 0.039190
1 0.039212
1 0.039235
1 0.039259
1 0.039269
1 0.039288
1 0.039291
1 0.039317
1 0.039335
1 0.039353
1 0.039367
1 0.039375
1 0.039398
1 0.039405
1 0.039416
1 0.039416
1 0.039422
1 0.039440
1 0.039480
1 0.039480
1 0.039486
1 0.039500
1 0.039518
1 0.039535
1 0.039535
1 0.039589
1 0.039602
1 0.039620
1 0.039629
1 0.039636
1 0.039681
1 0.039696
1 0.039703
1 0.039709
1 0.039793
1 0.039829
1 0.039896
1 0.040044
1 0.040050
1 0.040088
1 0.040088
1 0.040186
1 0.040196
1 0.040236
1 0.040258
1 0.040275
1 0.040403
1 0.040408
1 0.040554
1 0.040601
1 0.040656
1 0.040693
1 0.040766
1 0.040787
1 0.040797
1 0.040847
1 0.040917
1 0.041143
1 0.041379
1 0.041568
1 0.041584
1 0.041668
1 0.041772
1 0.042045
1 0.042065
1 0.042433
1 0.042681
1 0.043207
1 0.043288
1 0.043647
1 0.043812
1 0.044620
1 0.044749
1 0.045131
1 0.045726
1 0.046329
1 0.046437
1 0.046453
1 0.046541
1 0.046636
1 0.046744
1 0.046799
1 0.047008
1 0.047068
1 0.047168
1 0.047292
1 0.047457
1 0.047561
1 0.047784
1 0.047831
1 0.048021
1 0.048062
1 0.048154
1 0.048201
1 0.048287
1 0.048299
1 0.048963
1 0.049382
1 0.051637
1 0.056221
2 0.027277
2 0.029703
2 0.033230
2 0.034039
2 0.034517
2 0.034987
2 0.036857
2 0.037524
2 0.038521
2 0.044875
2 0.181164
2 0.294928
2 0.490429
2 0.704959
2 0.907167
2 1.286264
2 1.329949
2 1.396068
2 1.621163
2 2.258039
