1 0.054361
1 0.049174
1 0.038381
1 0.030849
1 0.023298
1 0.023275
1 0.023239
1 0.023260
1 0.023548
1 0.029707
1 0.030072
1 0.030053
1 0.029841
1 0.029606
1 0.029869
1 0.030370
1 0.029757
1 0.029673
1 0.029899
1 0.027226
1 0.029998
1 0.029954
1 0.025239
1 0.023275
1 0.023288
1 0.023257
1 0.023307
1 0.023246
1 0.023258
1 0.023270
1 0.023311
1 0.023366
1 0.023278
1 0.023269
1 0.023221
1 0.023311
1 0.031625
1 0.029760
1 0.028201
1 0.052483
1 0.040155
1 0.026853
1 0.025881
1 0.048934
1 0.055257
1 0.065802
1 0.026654
1 0.030118
1 0.026581
1 0.023465
1 0.023309
1 0.023370
1 0.023267
1 0.023306
1 0.023361
1 0.023242
1 0.023283
1 0.023650
1 0.028224
1 0.030220
1 0.026667
1 0.028749
1 0.029615
1 0.027815
1 0.026036
1 0.029768
1 0.030121
1 0.030137
1 0.029974
1 0.030012
1 0.029956
1 0.027229
1 0.030166
1 0.029781
1 0.030256
1 0.026708
1 0.023383
1 0.029261
1 0.027900
1 0.030087
1 0.029753
1 0.030253
1 0.027810
1 0.029546
1 0.029662
1 0.029862
1 0.029881
1 0.029931
1 0.029782
1 0.030124
1 0.029863
1 0.028582
1 0.029855
1 0.029995
1 0.029653
1 0.029927
1 0.030079
1 0.030140
1 0.028612
1 0.030211
1 0.030226
1 0.029709
1 0.027937
1 0.025455
1 0.029780
1 0.029544
1 0.029914
1 0.029698
1 0.030226
1 0.029687
1 0.030970
1 0.030148
1 0.028743
1 0.029936
1 0.030221
1 0.029881
1 0.030065
1 0.030244
1 0.026581
1 0.030071
1 0.029983
1 0.029552
1 0.029719
1 0.026115
1 0.030355
1 0.030146
1 0.029963
1 0.030269
1 0.030012
1 0.029995
1 0.023402
1 0.029218
1 0.027776
1 0.029953
1 0.030001
1 0.029576
1 0.024376
1 0.023252
1 0.023318
1 0.023291
1 0.023262
1 0.023254
1 0.023292
1 0.023315
1 0.023294
1 0.024581
1 0.029985
1 0.030237
1 0.027339
1 0.029943
1 0.029579
1 0.029569
1 0.029902
1 0.029730
1 0.029789
1 0.029664
1 0.029621
1 0.030053
1 0.029884
1 0.029696
1 0.030079
1 0.026149
1 0.027649
1 0.029847
1 0.029541
1 0.029693
1 0.025490
1 0.028466
1 0.030367
1 0.029714
1 0.029550
1 0.029726
1 0.029968
1 0.029635
1 0.029827
1 0.026241
1 0.030008
1 0.029880
1 0.029666
1 0.029564
1 0.029509
1 0.029873
1 0.029640
1 0.029998
1 0.029764
1 0.030115
1 0.028009
1 0.027833
1 0.029138
1 0.029466
1 0.029771
1 0.029629
1 0.029765
1 0.029695
1 0.029759
1 0.029953
1 0.029680
1 0.029649
1 0.030009
1 0.030432
1 0.030415
1 0.030645
1 0.026774
1 0.023282
1 0.023212
1 0.023490
1 0.023875
1 0.023978
1 0.024060
1 0.023864
1 0.024019
1 0.026798
1 0.031356
1 0.031432
1 0.030314
1 0.029527
1 0.030287
1 0.030448
1 0.030037
1 0.028158
1 0.023280
1 0.023359
1 0.023259
1 0.023258
1 0.023316
1 0.023537
1 0.027026
1 0.026072
1 0.029904
1 0.030207
1 0.027478
1 0.029050
1 0.026853
1 0.030096
1 0.030422
1 0.030051
1 0.029839
1 0.029905
1 0.029677
1 0.026270
1 0.029695
1 0.030609
1 0.029626
1 0.030243
1 0.030168
1 0.029561
1 0.027167
1 0.029425
1 0.029705
1 0.030271
1 0.029810
1 0.028617
1 0.030793
1 0.031257
1 0.030591
1 0.030573
1 0.030104
1 0.029880
0 0.051087
0 0.054116
0 0.048341
0 0.030881
0 0.026571
0 0.023367
0 0.028258
0 0.023390
0 0.026970
0 0.035116
0 0.034878
0 0.030111
0 0.032575
0 0.032083
0 0.033269
0 0.029860
0 0.035069
0 0.034223
0 0.033571
0 0.030099
0 0.026912
0 0.027255
0 0.023348
0 0.028254
0 0.023338
0 0.023291
0 0.027785
0 0.023371
0 0.025897
0 0.028409
0 0.023264
0 0.023346
0 0.028267
0 0.026225
0 0.034533
0 0.027838
0 0.029798
0 0.028343
0 0.046696
0 0.051523
0 0.061617
0 0.057857
0 0.058331
0 0.037607
0 0.027459
0 0.028274
0 0.023268
0 0.023232
0 0.028488
0 0.023248
0 0.028855
0 0.023237
0 0.023222
0 0.028098
0 0.032456
0 0.030842
0 0.033062
0 0.034855
0 0.027724
0 0.028531
0 0.035364
0 0.030144
0 0.035493
0 0.030163
0 0.030064
0 0.032105
0 0.035526
0 0.029747
0 0.035142
0 0.025929
0 0.023344
0 0.033620
0 0.027841
0 0.033103
0 0.035097
0 0.030971
0 0.031476
0 0.037400
0 0.029841
0 0.029927
0 0.035355
0 0.030102
0 0.035848
0 0.030141
0 0.030825
0 0.032576
0 0.035182
0 0.029941
0 0.032966
0 0.032739
0 0.031122
0 0.031065
0 0.033206
0 0.035086
0 0.028317
0 0.032498
0 0.029245
0 0.035681
0 0.030053
0 0.033018
0 0.032852
0 0.035105
0 0.030000
0 0.028844
0 0.033839
0 0.036808
0 0.029971
0 0.035178
0 0.027749
0 0.028634
0 0.034382
0 0.032481
0 0.029837
0 0.030791
0 0.034475
0 0.030408
0 0.034494
0 0.032974
0 0.032618
0 0.029201
0 0.030550
0 0.028985
0 0.033696
0 0.030229
0 0.032470
0 0.025316
0 0.027474
0 0.025933
0 0.023294
0 0.025972
0 0.028527
0 0.023470
0 0.028982
0 0.025315
0 0.030051
0 0.033126
0 0.030546
0 0.034620
0 0.032640
0 0.029866
0 0.036953
0 0.030260
0 0.033843
0 0.029938
0 0.035543
0 0.030351
0 0.034694
0 0.030143
0 0.029332
0 0.029855
0 0.035770
0 0.030078
0 0.032658
0 0.029945
0 0.030825
0 0.033942
0 0.036434
0 0.029933
0 0.034194
0 0.030163
0 0.032214
0 0.031610
0 0.030098
0 0.035743
0 0.029841
0 0.037513
0 0.030178
0 0.030115
0 0.036628
0 0.030455
0 0.030153
0 0.031149
0 0.034012
0 0.034279
0 0.030237
0 0.033496
0 0.033494
0 0.033918
0 0.030190
0 0.035193
0 0.029976
0 0.032706
0 0.034758
0 0.035041
0 0.031853
0 0.035417
0 0.023253
0 0.023208
0 0.023501
0 0.030789
0 0.025223
0 0.023296
0 0.023263
0 0.026780
0 0.037979
0 0.030429
0 0.031246
0 0.034243
0 0.030006
0 0.032513
0 0.036901
0 0.026200
0 0.023404
0 0.030726
0 0.023345
0 0.023227
0 0.023434
0 0.030576
0 0.024260
0 0.037214
0 0.030225
0 0.029093
0 0.033033
0 0.030308
0 0.030229
0 0.035161
0 0.029846
0 0.032972
0 0.032817
0 0.036773
0 0.030082
0 0.029996
0 0.034527
0 0.030440
0 0.034592
0 0.027332
0 0.035352
0 0.029578
0 0.034126
0 0.030154
0 0.034382
0 0.032245
0 0.036555
0 0.032657
0 0.034972
0 0.029933
2 0.030399
2 0.029715
2 0.024447
2 0.023361
2 0.023312
2 0.023290
2 0.219899
2 0.337755
2 0.330711
2 0.456687
2 0.341648
2 0.359080
2 0.358711
2 0.413371
2 0.388424
2 0.388080
2 0.344427
2 0.333467
2 0.422962
2 0.382570
2 0.367465
2 0.380899
2 0.333729
2 0.337658
2 0.396502
2 0.392471
