0, 0.023307
0, 0.023347
0, 0.023370
0, 0.023409
0, 0.023428
0, 0.023443
0, 0.023455
0, 0.023467
0, 0.023483
0, 0.023485
0, 0.023486
0, 0.023502
0, 0.023526
0, 0.023677
0, 0.023819
0, 0.024446
0, 0.024509
0, 0.024682
0, 0.024711
0, 0.024762
0, 0.024998
0, 0.025003
0, 0.025084
0, 0.025206
0, 0.025212
0, 0.025285
0, 0.025450
0, 0.025670
0, 0.026053
0, 0.026458
0, 0.026589
0, 0.026629
0, 0.026711
0, 0.026717
0, 0.026911
0, 0.026937
0, 0.026962
0, 0.027140
0, 0.027201
0, 0.027204
0, 0.027229
0, 0.027284
0, 0.027291
0, 0.027357
0, 0.027363
0, 0.027388
0, 0.027399
0, 0.027416
0, 0.027449
0, 0.027505
0, 0.027514
0, 0.027519
0, 0.027530
0, 0.027540
0, 0.027551
0, 0.027611
0, 0.027645
0, 0.027665
0, 0.027670
0, 0.027726
0, 0.027762
0, 0.027772
0, 0.027816
0, 0.027823
0, 0.027847
0, 0.027855
0, 0.027862
0, 0.027926
0, 0.027950
0, 0.027965
0, 0.027989
0, 0.028013
0, 0.028019
0, 0.028073
0, 0.028090
0, 0.028091
0, 0.028102
0, 0.028103
0, 0.028142
0, 0.028186
0, 0.028220
0, 0.028224
0, 0.028287
0, 0.028330
0, 0.028503
0, 0.028552
0, 0.028574
0, 0.028609
0, 0.028656
0, 0.028677
0, 0.028713
0, 0.028713
0, 0.028716
0, 0.028734
0, 0.028839
0, 0.028913
0, 0.028973
0, 0.028985
0, 0.029161
0, 0.029233
0, 0.029291
0, 0.030085
0, 0.030769
0, 0.030970
0, 0.031071
0, 0.031150
0, 0.031188
0, 0.031221
0, 0.031254
0, 0.031278
0, 0.031293
0, 0.031300
0, 0.031309
0, 0.031336
0, 0.031359
0, 0.031362
0, 0.031389
0, 0.031652
0, 0.032060
0, 0.032207
0, 0.032340
0, 0.032463
0, 0.032989
0, 0.033040
0, 0.033105
0, 0.033116
0, 0.033144
0, 0.033151
0, 0.033675
0, 0.034096
0, 0.034139
0, 0.034235
0, 0.034238
0, 0.034239
0, 0.034597
0, 0.035034
0, 0.035468
0, 0.035933
0, 0.036043
0, 0.036103
0, 0.037106
0, 0.037191
0, 0.037443
0, 0.037663
0, 0.037841
0, 0.038014
0, 0.038067
0, 0.038185
0, 0.038538
0, 0.038802
0, 0.038874
0, 0.039237
0, 0.039336
0, 0.039544
0, 0.039881
0, 0.040053
0, 0.040068
0, 0.040091
0, 0.040147
0, 0.040182
0, 0.040229
0, 0.040324
0, 0.040347
0, 0.040367
0, 0.040371
0, 0.040374
0, 0.040553
0, 0.040787
0, 0.040827
0, 0.040850
0, 0.041024
0, 0.041094
0, 0.041095
0, 0.041209
0, 0.041272
0, 0.041332
0, 0.041427
0, 0.041456
0, 0.041569
0, 0.041630
0, 0.041687
0, 0.041715
0, 0.041796
0, 0.041855
0, 0.041856
0, 0.041969
0, 0.042057
0, 0.042351
0, 0.042487
0, 0.043103
0, 0.043231
0, 0.043266
0, 0.043455
0, 0.043456
0, 0.043469
0, 0.043506
0, 0.043731
0, 0.044136
0, 0.044163
0, 0.044287
0, 0.044844
0, 0.044945
0, 0.046719
0, 0.047029
0, 0.047545
0, 0.047755
0, 0.047888
0, 0.048046
0, 0.048082
0, 0.048152
0, 0.048188
0, 0.048410
0, 0.048611
0, 0.048691
0, 0.048715
0, 0.048737
0, 0.048757
0, 0.048761
0, 0.048835
0, 0.048923
0, 0.048958
0, 0.049024
0, 0.049089
0, 0.049107
0, 0.049240
0, 0.049914
0, 0.050222
0, 0.050422
0, 0.050840
0, 0.050855
0, 0.050946
0, 0.052630
0, 0.053313
0, 0.053695
0, 0.054571
0, 0.054727
0, 0.055088
0, 0.055649
0, 0.056761
0, 0.058111
0, 0.058486
1, 0.023242
1, 0.023371
1, 0.023375
1, 0.023378
1, 0.023391
1, 0.023410
1, 0.023416
1, 0.023417
1, 0.023420
1, 0.023426
1, 0.023435
1, 0.023442
1, 0.023442
1, 0.023447
1, 0.023472
1, 0.023474
1, 0.023515
1, 0.023519
1, 0.023523
1, 0.023533
1, 0.023546
1, 0.023556
1, 0.023557
1, 0.023569
1, 0.023569
1, 0.023572
1, 0.023574
1, 0.023590
1, 0.023600
1, 0.023602
1, 0.023611
1, 0.023613
1, 0.023657
1, 0.023659
1, 0.023662
1, 0.023672
1, 0.023683
1, 0.023686
1, 0.023686
1, 0.023784
1, 0.023810
1, 0.023813
1, 0.023945
1, 0.024436
1, 0.024503
1, 0.024509
1, 0.024704
1, 0.024967
1, 0.025155
1, 0.025307
1, 0.025386
1, 0.025504
1, 0.025509
1, 0.025542
1, 0.025616
1, 0.025725
1, 0.025803
1, 0.025860
1, 0.025942
1, 0.026021
1, 0.026478
1, 0.026494
1, 0.026633
1, 0.026642
1, 0.026871
1, 0.026902
1, 0.026922
1, 0.026927
1, 0.026930
1, 0.027015
1, 0.027036
1, 0.027048
1, 0.027058
1, 0.027091
1, 0.027096
1, 0.027100
1, 0.027109
1, 0.027115
1, 0.027122
1, 0.027141
1, 0.027154
1, 0.027154
1, 0.027200
1, 0.027204
1, 0.027209
1, 0.027258
1, 0.027273
1, 0.027279
1, 0.027341
1, 0.027352
1, 0.027353
1, 0.027363
1, 0.027368
1, 0.027384
1, 0.027390
1, 0.027392
1, 0.027397
1, 0.027406
1, 0.027408
1, 0.027421
1, 0.027425
1, 0.027437
1, 0.027439
1, 0.027482
1, 0.027485
1, 0.027494
1, 0.027496
1, 0.027497
1, 0.027502
1, 0.027559
1, 0.027559
1, 0.027561
1, 0.027613
1, 0.027626
1, 0.027638
1, 0.027640
1, 0.027655
1, 0.027669
1, 0.027672
1, 0.027683
1, 0.027711
1, 0.027715
1, 0.027723
1, 0.027724
1, 0.027731
1, 0.027732
1, 0.027736
1, 0.027753
1, 0.027771
1, 0.027788
1, 0.027792
1, 0.027794
1, 0.027795
1, 0.027836
1, 0.027843
1, 0.027856
1, 0.027873
1, 0.027914
1, 0.027928
1, 0.027937
1, 0.027948
1, 0.027971
1, 0.027992
1, 0.027995
1, 0.028008
1, 0.028033
1, 0.028089
1, 0.028102
1, 0.028125
1, 0.028190
1, 0.028199
1, 0.028211
1, 0.028212
1, 0.028236
1, 0.028262
1, 0.028268
1, 0.028320
1, 0.028331
1, 0.028350
1, 0.028364
1, 0.028373
1, 0.028388
1, 0.028415
1, 0.028438
1, 0.028451
1, 0.028491
1, 0.028492
1, 0.028509
1, 0.028556
1, 0.028616
1, 0.028638
1, 0.028689
1, 0.028714
1, 0.028784
1, 0.028842
1, 0.028898
1, 0.029112
1, 0.029343
1, 0.029355
1, 0.029393
1, 0.029909
1, 0.029971
1, 0.031002
1, 0.031075
1, 0.031132
1, 0.032063
1, 0.032113
1, 0.032139
1, 0.032161
1, 0.032286
1, 0.032340
1, 0.032497
1, 0.032554
1, 0.032625
1, 0.032931
1, 0.032969
1, 0.033259
1, 0.033528
1, 0.033603
1, 0.033695
1, 0.034167
1, 0.034523
1, 0.034595
1, 0.035330
1, 0.035904
1, 0.035989
1, 0.036549
1, 0.036577
1, 0.036781
1, 0.037222
1, 0.037533
1, 0.037652
1, 0.038424
1, 0.038439
1, 0.038614
1, 0.038638
1, 0.039444
1, 0.039736
1, 0.039903
1, 0.039908
1, 0.039983
1, 0.040075
1, 0.040210
1, 0.040390
1, 0.040459
1, 0.040477
1, 0.040492
1, 0.040621
1, 0.040670
1, 0.040760
1, 0.040850
1, 0.040861
1, 0.041038
1, 0.041159
1, 0.041310
1, 0.041310
1, 0.041501
1, 0.041748
1, 0.041832
1, 0.041955
1, 0.041960
1, 0.042522
1, 0.042766
1, 0.042880
1, 0.042899
1, 0.043075
1, 0.044860
1, 0.045332
1, 0.045626
1, 0.046959
1, 0.047100
1, 0.047536
1, 0.048949
1, 0.049035
1, 0.049124
1, 0.049254
1, 0.049707
1, 0.050524
1, 0.050669
1, 0.051204
1, 0.051250
1, 0.051564
1, 0.051693
1, 0.052496
1, 0.053030
1, 0.054270
1, 0.054498
1, 0.056188
1, 0.056406
1, 0.056712
1, 0.056924
2, 0.033076
2, 0.034517
2, 0.038640
2, 0.039941
2, 0.040128
2, 0.040265
2, 0.040277
2, 0.040321
2, 0.040489
2, 0.041478
2, 0.041604
2, 0.042163
2, 0.048514
2, 0.048901
2, 0.048981
2, 0.051010
2, 0.067128
2, 0.120607
2, 0.200193
2, 0.412978
2, 0.615316
2, 0.885652
2, 0.959408
2, 1.024880
2, 1.072665
2, 1.191804
2, 1.304240
