0 0.023591
0 0.023856
0 0.023973
0 0.023984
0 0.024097
0 0.024119
0 0.024152
0 0.024175
0 0.024239
0 0.024261
0 0.024333
0 0.024369
0 0.024388
0 0.024451
0 0.024495
0 0.024613
0 0.024613
0 0.024718
0 0.024888
0 0.025276
0 0.025355
0 0.025493
0 0.025761
0 0.026398
0 0.026535
0 0.026549
0 0.026576
0 0.026730
0 0.027038
0 0.027105
0 0.027124
0 0.027185
0 0.027253
0 0.027534
0 0.027543
0 0.027545
0 0.027575
0 0.027601
0 0.027626
0 0.027733
0 0.027947
0 0.027997
0 0.028034
0 0.028201
0 0.028825
0 0.029138
0 0.029169
0 0.029282
0 0.029455
0 0.029569
0 0.029763
0 0.029973
0 0.030058
0 0.030160
0 0.030313
0 0.030352
0 0.030392
0 0.030471
0 0.030593
0 0.030777
0 0.030960
0 0.031075
0 0.031192
0 0.031338
0 0.031401
0 0.031406
0 0.031489
0 0.031862
0 0.031863
0 0.031920
0 0.032034
0 0.032067
0 0.032222
0 0.032233
0 0.032314
0 0.032358
0 0.032422
0 0.032518
0 0.032628
0 0.032650
0 0.032752
0 0.032826
0 0.032855
0 0.032855
0 0.032875
0 0.032876
0 0.032878
0 0.032893
0 0.033023
0 0.033087
0 0.033094
0 0.033143
0 0.033199
0 0.033243
0 0.033336
0 0.033359
0 0.033444
0 0.033460
0 0.033498
0 0.033635
0 0.033659
0 0.033660
0 0.033720
0 0.033741
0 0.033742
0 0.033785
0 0.033796
0 0.033862
0 0.033949
0 0.033955
0 0.034042
0 0.034187
0 0.034194
0 0.034250
0 0.034281
0 0.034305
0 0.034317
0 0.034332
0 0.034352
0 0.034388
0 0.034410
0 0.034439
0 0.034450
0 0.034466
0 0.034486
0 0.034502
0 0.034512
0 0.034534
0 0.034611
0 0.034647
0 0.034656
0 0.034669
0 0.034714
0 0.034734
0 0.034774
0 0.034775
0 0.034892
0 0.034902
0 0.034904
0 0.034914
0 0.034927
0 0.034944
0 0.034979
0 0.034997
0 0.035036
0 0.035038
0 0.035062
0 0.035070
0 0.035080
0 0.035125
0 0.035134
0 0.035143
0 0.035184
0 0.035190
0 0.035194
0 0.035198
0 0.035216
0 0.035234
0 0.035235
0 0.035241
0 0.035241
0 0.035242
0 0.035248
0 0.035267
0 0.035278
0 0.035286
0 0.035287
0 0.035290
0 0.035295
0 0.035309
0 0.035320
0 0.035325
0 0.035333
0 0.035355
0 0.035365
0 0.035373
0 0.035419
0 0.035420
0 0.035432
0 0.035433
0 0.035449
0 0.035455
0 0.035487
0 0.035495
0 0.035505
0 0.035505
0 0.035510
0 0.035528
0 0.035618
0 0.035689
0 0.035711
0 0.035713
0 0.035728
0 0.035746
0 0.035755
0 0.035809
0 0.035818
0 0.035830
0 0.035848
0 0.035867
0 0.035874
0 0.035930
0 0.036155
0 0.036182
0 0.036244
0 0.036321
0 0.036339
0 0.036394
0 0.036762
0 0.037180
0 0.038164
0 0.038370
0 0.038396
0 0.039295
0 0.040509
1 0.023224
1 0.023234
1 0.023285
1 0.023369
1 0.023377
1 0.023388
1 0.023415
1 0.023468
1 0.023494
1 0.023497
1 0.023534
1 0.023570
1 0.023606
1 0.023698
1 0.024433
1 0.024457
1 0.024713
1 0.024723
1 0.024750
1 0.024821
1 0.024866
1 0.024925
1 0.024970
1 0.025190
1 0.025370
1 0.025512
1 0.025552
1 0.025566
1 0.025810
1 0.025834
1 0.025840
1 0.025942
1 0.025992
1 0.026190
1 0.026251
1 0.026338
1 0.026535
1 0.026589
1 0.026622
1 0.026644
1 0.026755
1 0.026777
1 0.026818
1 0.026822
1 0.026924
1 0.026996
1 0.027112
1 0.027224
1 0.027250
1 0.027279
1 0.027286
1 0.027301
1 0.027418
1 0.027444
1 0.027519
1 0.027549
1 0.027601
1 0.027602
1 0.027611
1 0.027762
1 0.027799
1 0.027801
1 0.027826
1 0.027838
1 0.027847
1 0.027849
1 0.027873
1 0.027951
1 0.028003
1 0.028008
1 0.028040
1 0.028053
1 0.028069
1 0.028092
1 0.028132
1 0.028176
1 0.028296
1 0.028299
1 0.028331
1 0.028333
1 0.028337
1 0.028359
1 0.028364
1 0.028385
1 0.028440
1 0.028473
1 0.028480
1 0.028487
1 0.028495
1 0.028495
1 0.028519
1 0.028520
1 0.028534
1 0.028539
1 0.028567
1 0.028591
1 0.028592
1 0.028600
1 0.028601
1 0.028601
1 0.028607
1 0.028612
1 0.028614
1 0.028630
1 0.028631
1 0.028641
1 0.028642
1 0.028666
1 0.028696
1 0.028701
1 0.028719
1 0.028721
1 0.028738
1 0.028738
1 0.028752
1 0.028766
1 0.028779
1 0.028786
1 0.028797
1 0.028804
1 0.028807
1 0.028824
1 0.028826
1 0.028829
1 0.028830
1 0.028848
1 0.028857
1 0.028861
1 0.028862
1 0.028864
1 0.028875
1 0.028876
1 0.028892
1 0.028908
1 0.028910
1 0.028921
1 0.028923
1 0.028926
1 0.028931
1 0.028940
1 0.028970
1 0.028975
1 0.028980
1 0.028988
1 0.029000
1 0.029011
1 0.029012
1 0.029024
1 0.029026
1 0.029037
1 0.029040
1 0.029045
1 0.029061
1 0.029076
1 0.029079
1 0.029084
1 0.029089
1 0.029118
1 0.029125
1 0.029129
1 0.029131
1 0.029135
1 0.029170
1 0.029172
1 0.029180
1 0.029228
1 0.029231
1 0.029237
1 0.029240
1 0.029245
1 0.029254
1 0.029255
1 0.029263
1 0.029275
1 0.029283
1 0.029285
1 0.029331
1 0.029343
1 0.029363
1 0.029382
1 0.029384
1 0.029449
1 0.029452
1 0.029469
1 0.029476
1 0.029488
1 0.029500
1 0.029521
1 0.029522
1 0.029542
1 0.029564
1 0.029615
1 0.029676
1 0.029719
1 0.029742
1 0.029750
1 0.029816
1 0.029820
1 0.029861
1 0.029892
1 0.029921
1 0.030061
1 0.030084
1 0.030205
1 0.030308
1 0.030371
1 0.030768
1 0.030781
1 0.030898
1 0.031299
1 0.031771
1 0.032021
1 0.032086
1 0.032213
1 0.032364
1 0.032593
1 0.032710
1 0.032819
1 0.032938
1 0.032984
1 0.033030
1 0.033107
1 0.033919
1 0.034119
1 0.034197
1 0.034203
1 0.034228
1 0.034333
1 0.034658
1 0.034726
1 0.034930
1 0.035127
1 0.035185
1 0.035614
1 0.035957
1 0.037035
1 0.037212
1 0.037226
1 0.038024
1 0.038497
1 0.038674
1 0.039165
1 0.039931
2 0.436052
2 0.647953
2 0.682125
2 0.706762
2 0.783509
2 0.964497
2 0.975082
2 1.035239
