0, 0.023298
0, 0.023299
0, 0.023300
0, 0.023316
0, 0.023327
0, 0.023332
0, 0.023333
0, 0.023335
0, 0.023342
0, 0.023354
0, 0.023369
0, 0.023379
0, 0.023381
0, 0.023382
0, 0.023385
0, 0.023390
0, 0.023394
0, 0.023402
0, 0.023402
0, 0.023405
0, 0.023412
0, 0.023422
0, 0.023446
0, 0.023476
0, 0.023486
0, 0.023497
0, 0.023500
0, 0.023510
0, 0.023540
0, 0.023556
0, 0.023559
0, 0.023603
0, 0.023621
0, 0.023667
0, 0.023872
0, 0.024019
0, 0.024180
0, 0.024337
0, 0.024388
0, 0.024410
0, 0.024420
0, 0.024428
0, 0.024437
0, 0.024442
0, 0.024450
0, 0.024485
0, 0.024490
0, 0.024535
0, 0.024679
0, 0.024708
0, 0.024792
0, 0.024816
0, 0.024902
0, 0.024933
0, 0.025010
0, 0.025300
0, 0.025391
0, 0.025428
0, 0.025436
0, 0.025597
0, 0.025746
0, 0.025771
0, 0.025783
0, 0.025827
0, 0.026106
0, 0.026109
0, 0.026115
0, 0.026205
0, 0.026381
0, 0.026425
0, 0.026593
0, 0.026618
0, 0.026630
0, 0.026644
0, 0.026695
0, 0.026947
0, 0.027039
0, 0.027057
0, 0.027133
0, 0.027291
0, 0.027345
0, 0.027503
0, 0.027630
0, 0.027648
0, 0.027658
0, 0.027704
0, 0.027718
0, 0.027807
0, 0.027810
0, 0.027953
0, 0.027974
0, 0.027986
0, 0.028004
0, 0.028005
0, 0.028034
0, 0.028151
0, 0.028325
0, 0.028330
0, 0.028445
0, 0.028453
0, 0.028461
0, 0.028475
0, 0.028495
0, 0.028499
0, 0.028501
0, 0.028508
0, 0.028525
0, 0.028527
0, 0.028551
0, 0.028561
0, 0.028564
0, 0.028565
0, 0.028574
0, 0.028583
0, 0.028588
0, 0.028591
0, 0.028613
0, 0.028617
0, 0.028619
0, 0.028621
0, 0.028627
0, 0.028627
0, 0.028634
0, 0.028643
0, 0.028649
0, 0.028653
0, 0.028656
0, 0.028659
0, 0.028661
0, 0.028665
0, 0.028677
0, 0.028687
0, 0.028697
0, 0.028701
0, 0.028705
0, 0.028719
0, 0.028733
0, 0.028736
0, 0.028741
0, 0.028745
0, 0.028746
0, 0.028751
0, 0.028753
0, 0.028767
0, 0.028770
0, 0.028772
0, 0.028774
0, 0.028777
0, 0.028797
0, 0.028813
0, 0.028818
0, 0.028824
0, 0.028834
0, 0.028840
0, 0.028844
0, 0.028850
0, 0.028866
0, 0.028867
0, 0.028875
0, 0.028883
0, 0.028885
0, 0.028888
0, 0.028892
0, 0.028897
0, 0.028899
0, 0.028926
0, 0.028932
0, 0.028933
0, 0.028935
0, 0.028938
0, 0.028943
0, 0.028952
0, 0.028964
0, 0.028976
0, 0.028977
0, 0.028981
0, 0.028987
0, 0.028990
0, 0.029002
0, 0.029011
0, 0.029024
0, 0.029027
0, 0.029033
0, 0.029038
0, 0.029041
0, 0.029056
0, 0.029061
0, 0.029063
0, 0.029079
0, 0.029092
0, 0.029129
0, 0.029138
0, 0.029141
0, 0.029145
0, 0.029172
0, 0.029179
0, 0.029180
0, 0.029180
0, 0.029186
0, 0.029204
0, 0.029225
0, 0.029230
0, 0.029263
0, 0.029263
0, 0.029289
0, 0.029397
0, 0.029423
0, 0.029426
0, 0.029429
0, 0.029430
0, 0.029450
0, 0.029469
0, 0.029498
0, 0.029516
0, 0.029574
0, 0.029621
0, 0.029634
0, 0.029657
0, 0.029677
0, 0.029718
0, 0.029801
0, 0.029831
0, 0.029916
0, 0.030014
0, 0.030021
0, 0.030063
0, 0.030147
0, 0.030439
0, 0.030458
0, 0.030684
0, 0.030770
0, 0.031630
0, 0.031657
0, 0.031699
0, 0.032679
0, 0.033093
0, 0.033282
0, 0.033414
0, 0.033421
0, 0.033513
0, 0.033539
0, 0.033703
0, 0.033748
0, 0.033804
0, 0.033816
0, 0.033856
0, 0.033890
0, 0.033967
0, 0.034076
0, 0.034481
0, 0.034695
0, 0.034976
0, 0.035065
0, 0.035106
0, 0.035171
0, 0.035183
0, 0.035191
0, 0.035223
0, 0.035276
0, 0.035277
0, 0.035305
0, 0.035331
0, 0.035344
0, 0.035393
0, 0.035454
0, 0.035462
0, 0.035469
0, 0.035499
0, 0.035511
0, 0.035556
0, 0.035611
0, 0.035687
0, 0.035727
0, 0.035738
0, 0.035757
0, 0.035965
0, 0.036041
0, 0.036351
0, 0.036384
0, 0.036389
0, 0.036626
0, 0.037680
0, 0.038075
0, 0.038456
0, 0.044068
0, 0.044254
0, 0.044480
0, 0.046546
0, 0.048289
0, 0.054275
1, 0.023234
1, 0.023249
1, 0.023295
1, 0.023301
1, 0.023323
1, 0.023327
1, 0.023365
1, 0.023370
1, 0.023373
1, 0.023373
1, 0.023375
1, 0.023377
1, 0.023379
1, 0.023387
1, 0.023389
1, 0.023393
1, 0.023399
1, 0.023426
1, 0.023431
1, 0.023432
1, 0.023456
1, 0.023795
1, 0.023889
1, 0.023916
1, 0.023998
1, 0.024234
1, 0.024267
1, 0.024310
1, 0.024399
1, 0.024412
1, 0.024438
1, 0.024531
1, 0.024537
1, 0.025161
1, 0.025241
1, 0.025316
1, 0.026317
1, 0.026581
1, 0.026596
1, 0.026649
1, 0.026812
1, 0.026919
1, 0.027137
1, 0.027145
1, 0.027193
1, 0.027247
1, 0.027313
1, 0.027490
1, 0.027606
1, 0.027618
1, 0.027626
1, 0.027632
1, 0.027675
1, 0.027702
1, 0.027756
1, 0.027891
1, 0.027916
1, 0.027934
1, 0.028122
1, 0.028182
1, 0.028349
1, 0.028491
1, 0.028692
1, 0.028708
1, 0.028711
1, 0.028750
1, 0.028755
1, 0.028773
1, 0.028779
1, 0.028785
1, 0.028848
1, 0.028861
1, 0.028887
1, 0.028889
1, 0.028947
1, 0.028970
1, 0.028970
1, 0.028975
1, 0.029017
1, 0.029055
1, 0.029062
1, 0.029098
1, 0.029099
1, 0.029124
1, 0.029170
1, 0.029188
1, 0.029190
1, 0.029214
1, 0.029226
1, 0.029243
1, 0.029296
1, 0.029320
1, 0.029325
1, 0.029349
1, 0.029387
1, 0.029627
1, 0.029695
1, 0.029767
1, 0.029851
1, 0.029892
1, 0.029945
1, 0.030068
1, 0.030095
1, 0.030229
1, 0.030268
1, 0.030304
1, 0.030376
1, 0.030662
1, 0.030929
1, 0.030949
1, 0.031139
1, 0.031450
1, 0.031530
1, 0.031547
1, 0.031560
1, 0.031615
1, 0.031635
1, 0.031776
1, 0.031781
1, 0.031936
1, 0.031952
1, 0.032021
1, 0.032025
1, 0.032054
1, 0.032115
1, 0.032174
1, 0.032228
1, 0.032284
1, 0.032312
1, 0.032319
1, 0.032340
1, 0.032430
1, 0.032454
1, 0.032483
1, 0.032556
1, 0.032692
1, 0.032792
1, 0.032796
1, 0.032813
1, 0.032954
1, 0.033010
1, 0.033078
1, 0.033295
1, 0.033362
1, 0.033383
1, 0.033602
1, 0.033614
1, 0.033620
1, 0.033624
1, 0.033865
1, 0.033910
1, 0.034170
1, 0.034377
1, 0.034436
1, 0.034476
1, 0.034544
1, 0.034588
1, 0.034619
1, 0.034630
1, 0.034678
1, 0.034795
1, 0.034854
1, 0.034938
1, 0.034989
1, 0.035000
1, 0.035051
1, 0.035133
1, 0.035142
1, 0.035151
1, 0.035186
1, 0.035192
1, 0.035195
1, 0.035229
1, 0.035263
1, 0.035265
1, 0.035283
1, 0.035289
1, 0.035289
1, 0.035314
1, 0.035319
1, 0.035341
1, 0.035387
1, 0.035400
1, 0.035405
1, 0.035417
1, 0.035445
1, 0.035476
1, 0.035487
1, 0.035506
1, 0.035549
1, 0.035586
1, 0.035600
1, 0.035600
1, 0.035602
1, 0.035610
1, 0.035646
1, 0.035675
1, 0.035691
1, 0.035756
1, 0.035768
1, 0.035778
1, 0.035793
1, 0.035805
1, 0.035813
1, 0.035826
1, 0.035845
1, 0.035871
1, 0.035882
1, 0.035887
1, 0.035891
1, 0.035949
1, 0.035970
1, 0.035975
1, 0.035993
1, 0.036035
1, 0.036058
1, 0.036104
1, 0.036117
1, 0.036117
1, 0.036265
1, 0.036269
1, 0.036270
1, 0.036280
1, 0.036287
1, 0.036299
1, 0.036303
1, 0.036441
1, 0.036531
1, 0.036533
1, 0.036601
1, 0.036695
1, 0.036706
1, 0.036761
1, 0.036762
1, 0.036834
1, 0.036976
1, 0.037042
1, 0.037533
1, 0.038195
1, 0.038224
1, 0.038251
1, 0.038269
1, 0.039035
1, 0.039218
1, 0.039268
1, 0.039345
1, 0.039349
1, 0.039402
1, 0.039451
1, 0.040588
1, 0.042255
1, 0.042671
1, 0.043662
1, 0.044101
1, 0.044293
1, 0.045745
1, 0.046124
1, 0.053092
1, 0.053197
1, 0.054407
1, 0.055621
1, 0.056055
2, 0.024352
2, 0.024708
2, 0.029956
2, 0.031659
2, 0.032127
2, 0.032275
2, 0.032742
2, 0.033351
2, 0.034218
2, 0.034896
2, 0.040015
2, 0.047900
2, 0.985523
2, 1.004482
2, 1.138734
2, 1.177232
2, 1.179243
2, 1.466198
