0 0.026743
0 0.042547
0 0.052894
0 0.039807
0 0.047757
0 0.045150
0 0.044619
0 0.052418
0 0.038643
0 0.045344
0 0.045458
0 0.048173
0 0.047750
0 0.045112
0 0.046094
0 0.037957
0 0.037153
0 0.047522
0 0.043573
0 0.043420
0 0.040899
0 0.047933
0 0.047879
0 0.042450
0 0.048677
0 0.033186
0 0.035396
0 0.036138
0 0.071900
0 0.053433
0 0.037139
0 0.029232
0 0.036590
0 0.034453
0 0.041284
0 0.042764
0 0.041942
0 0.051433
0 0.050541
0 0.033417
0 0.048708
0 0.044201
0 0.042149
0 0.043037
0 0.046506
0 0.053093
0 0.040604
0 0.049449
0 0.043915
0 0.046471
0 0.041126
0 0.051786
0 0.044183
0 0.046264
0 0.046162
0 0.038318
0 0.048304
0 0.046465
0 0.046753
0 0.040567
0 0.047782
0 0.037785
0 0.045151
0 0.048196
0 0.039847
0 0.047972
0 0.040796
0 0.044992
0 0.037913
0 0.049325
0 0.049685
0 0.039805
0 0.048472
0 0.044787
0 0.042405
0 0.045364
0 0.047938
0 0.050127
0 0.039178
0 0.045840
0 0.050676
0 0.039552
0 0.041650
0 0.045964
0 0.051579
0 0.044633
0 0.041665
0 0.053313
0 0.038779
0 0.046036
0 0.051932
0 0.045334
0 0.043055
0 0.044203
0 0.041988
0 0.041173
0 0.043934
0 0.048631
0 0.044289
0 0.051959
0 0.045187
0 0.038592
0 0.051180
0 0.051789
0 0.038774
0 0.051744
0 0.047266
0 0.039150
0 0.046889
0 0.046417
0 0.035270
0 0.041074
0 0.043599
0 0.043460
0 0.052540
0 0.038649
0 0.038390
0 0.036997
0 0.032423
0 0.041643
0 0.044054
0 0.043092
0 0.048934
0 0.040766
0 0.049083
0 0.046404
0 0.043939
0 0.052027
0 0.037425
0 0.051005
0 0.043879
0 0.044677
0 0.038441
0 0.050015
0 0.046389
0 0.041234
0 0.054822
0 0.036021
0 0.047845
0 0.042930
0 0.050942
0 0.045240
0 0.036438
0 0.035221
0 0.047621
0 0.046565
0 0.047588
0 0.043185
0 0.050916
0 0.035546
0 0.047588
0 0.049375
0 0.043676
0 0.049346
0 0.043219
0 0.040653
0 0.046575
0 0.049742
0 0.044899
0 0.048607
0 0.042496
0 0.042591
0 0.046969
0 0.043393
0 0.050819
0 0.044112
0 0.043987
0 0.039243
0 0.045040
0 0.031425
0 0.039639
0 0.031395
0 0.034120
0 0.035643
0 0.033234
0 0.034115
0 0.036820
0 0.040455
0 0.046816
0 0.048896
0 0.044392
0 0.038925
0 0.031434
0 0.037737
0 0.034856
0 0.049969
0 0.035348
2 0.065467
2 0.083111
2 0.104331
2 0.078467
2 0.096963
2 0.077965
2 0.094812
2 0.088396
2 0.079536
2 0.089562
2 0.074681
2 0.084011
2 0.086867
2 0.068621
2 0.095880
2 0.102569
2 0.070624
2 0.068207
2 0.087074
2 0.075711
2 0.099255
2 0.081829
2 0.090997
2 0.089452
2 0.095829
2 0.082350
2 0.089959
2 0.094077
2 0.083061
2 0.078887
2 0.098277
2 0.075115
2 0.091872
2 0.087592
2 0.087145
2 0.081687
2 0.102337
2 0.084066
2 0.085482
2 0.100771
2 0.082748
2 0.088523
2 0.080275
2 0.086158
2 0.088942
2 0.093439
2 0.073685
2 0.088288
2 0.097180
2 0.088467
2 0.091855
2 0.085415
2 0.095501
2 0.092871
2 0.079731
2 0.102545
2 0.074189
2 0.079600
2 0.096005
2 0.080910
2 0.070477
2 0.082198
2 0.090235
2 0.080548
2 0.088657
2 0.086926
2 0.094827
2 0.093738
2 0.075577
2 0.097821
2 0.091494
2 0.075235
2 0.098974
2 0.078527
2 0.084235
2 0.089632
2 0.086836
2 0.085919
2 0.093157
2 0.080696
2 0.092133
2 0.071238
2 0.096521
2 0.091551
2 0.091815
2 0.084184
2 0.089961
2 0.044891
2 0.077639
2 0.068837
2 0.069482
2 0.078342
2 0.087175
2 0.064422
2 0.079550
2 0.082861
1 0.023379
1 0.026895
1 0.029775
1 0.030644
1 0.030286
1 0.030333
1 0.029976
1 0.030465
1 0.030150
1 0.029976
1 0.028028
1 0.030010
1 0.030450
1 0.030067
1 0.030080
1 0.030616
1 0.030293
1 0.030066
1 0.030274
1 0.030005
1 0.030595
1 0.030235
1 0.030329
1 0.029116
1 0.023205
1 0.028252
1 0.030245
1 0.029806
1 0.026104
1 0.029853
1 0.030076
1 0.023599
1 0.031134
1 0.030568
1 0.039132
1 0.030136
1 0.030336
1 0.038697
1 0.102180
1 0.038824
1 0.078551
1 0.025827
1 0.023193
1 0.023242
1 0.023251
1 0.023537
1 0.023292
1 0.023802
1 0.030261
1 0.030188
1 0.030461
1 0.030204
1 0.030274
1 0.030563
1 0.026070
1 0.030475
1 0.030593
1 0.032131
1 0.030755
1 0.030036
1 0.029132
1 0.029945
1 0.030358
1 0.030382
1 0.030217
1 0.030210
1 0.030371
1 0.029933
1 0.030003
1 0.030263
1 0.030583
1 0.030076
1 0.030341
1 0.030337
1 0.030101
1 0.030217
1 0.030151
1 0.029528
1 0.025838
1 0.030237
1 0.030722
1 0.030487
1 0.030494
1 0.030474
1 0.030434
1 0.030268
1 0.030112
1 0.025923
1 0.023229
1 0.029759
1 0.030280
1 0.031023
1 0.030296
1 0.027815
1 0.029191
1 0.030376
1 0.030236
1 0.024479
1 0.031398
1 0.030240
1 0.030399
1 0.029775
1 0.030572
1 0.030558
1 0.030681
1 0.030840
1 0.030033
1 0.029597
1 0.029165
1 0.030264
1 0.030675
1 0.030419
1 0.030061
1 0.030503
1 0.027728
1 0.030391
1 0.030512
1 0.030375
1 0.027445
1 0.028201
1 0.030326
1 0.027902
1 0.030521
1 0.030436
1 0.030526
1 0.030587
1 0.030254
1 0.030165
1 0.030571
1 0.030207
1 0.030079
1 0.030196
1 0.030024
1 0.030678
1 0.028608
1 0.030687
1 0.030946
1 0.030291
1 0.028912
1 0.030378
1 0.029951
1 0.028971
1 0.030605
1 0.030297
1 0.030572
1 0.030893
1 0.030942
1 0.029852
1 0.031346
1 0.030732
1 0.030905
1 0.031029
1 0.030938
1 0.031007
1 0.030282
1 0.030944
1 0.030837
1 0.032327
1 0.030547
1 0.030644
1 0.027109
1 0.023269
1 0.023239
1 0.026758
1 0.030508
1 0.028909
1 0.030414
1 0.032300
1 0.030536
1 0.030595
1 0.027282
1 0.023246
1 0.023216
1 0.023245
1 0.023397
1 0.026170
1 0.031936
1 0.030259
1 0.030053
1 0.031999
1 0.030524
1 0.030576
1 0.028217
1 0.030551
1 0.030520
1 0.030367
1 0.030454
1 0.030409
1 0.027790
1 0.029832
1 0.030275
1 0.030551
1 0.030343
1 0.030127
1 0.030433
1 0.028607
1 0.030261
1 0.030153
1 0.030409
1 0.030703
1 0.030695
1 0.030324
1 0.027777
1 0.030385
1 0.030436
1 0.030732
1 0.030456
1 0.030265
1 0.029442
1 0.030479
1 0.023662
1 0.023160
1 0.026529
1 0.030235
1 0.029726
1 0.030105
1 0.031394
1 0.030550
1 0.030170
1 0.031816
1 0.027958
1 0.030257
1 0.029931
1 0.030336
1 0.029956
1 0.030461
1 0.030493
1 0.030587
1 0.029985
1 0.024646
1 0.030287
1 0.030045
1 0.030035
1 0.030313
1 0.030404
1 0.027086
1 0.030368
1 0.030534
1 0.030372
1 0.028986
1 0.031236
1 0.030469
1 0.030410
1 0.030477
1 0.030138
1 0.030236
1 0.030162
1 0.030120
1 0.030315
1 0.023450
1 0.023409
1 0.023393
1 0.023198
1 0.023257
1 0.023299
1 0.023262
1 0.023212
1 0.023196
1 0.023216
1 0.023378
1 0.023223
1 0.023280
1 0.023305
1 0.027414
1 0.030679
1 0.029049
1 0.030595
1 0.030589
1 0.030621
1 0.023259
1 0.023383
1 0.023449
1 0.023351
1 0.025641
1 0.029343
1 0.030286
1 0.028172
1 0.023293
