0 0.023262
0 0.023262
0 0.023276
0 0.023286
0 0.023290
0 0.023291
0 0.023299
0 0.023306
0 0.023309
0 0.023313
0 0.023313
0 0.023322
0 0.023335
0 0.023336
0 0.023340
0 0.023344
0 0.023345
0 0.023365
0 0.023369
0 0.023382
0 0.023386
0 0.023389
0 0.023393
0 0.023415
0 0.023416
0 0.023428
0 0.023444
0 0.023446
0 0.023454
0 0.023491
0 0.024094
0 0.024300
0 0.024330
0 0.024346
0 0.024508
0 0.024690
0 0.024798
0 0.024997
0 0.025572
0 0.025600
0 0.025668
0 0.025682
0 0.025755
0 0.025937
0 0.025950
0 0.026225
0 0.026259
0 0.026405
0 0.026503
0 0.026768
0 0.026914
0 0.027124
0 0.027331
0 0.027362
0 0.027674
0 0.027689
0 0.027744
0 0.027911
0 0.027947
0 0.027955
0 0.027989
0 0.028020
0 0.028080
0 0.028143
0 0.028177
0 0.028194
0 0.028203
0 0.028268
0 0.028289
0 0.028325
0 0.028404
0 0.028568
0 0.028598
0 0.028633
0 0.028679
0 0.028737
0 0.028769
0 0.028770
0 0.028786
0 0.028787
0 0.028788
0 0.028834
0 0.028841
0 0.028871
0 0.028889
0 0.028890
0 0.028902
0 0.028908
0 0.028910
0 0.028928
0 0.028933
0 0.028935
0 0.028940
0 0.028958
0 0.028986
0 0.028988
0 0.028989
0 0.028990
0 0.028999
0 0.029012
0 0.029013
0 0.029014
0 0.029016
0 0.029024
0 0.029032
0 0.029034
0 0.029040
0 0.029041
0 0.029043
0 0.029057
0 0.029059
0 0.029063
0 0.029065
0 0.029068
0 0.029069
0 0.029070
0 0.029072
0 0.029075
0 0.029075
0 0.029076
0 0.029076
0 0.029082
0 0.029087
0 0.029089
0 0.029097
0 0.029100
0 0.029105
0 0.029109
0 0.029110
0 0.029118
0 0.029118
0 0.029120
0 0.029125
0 0.029125
0 0.029125
0 0.029131
0 0.029137
0 0.029147
0 0.029159
0 0.029175
0 0.029176
0 0.029178
0 0.029181
0 0.029185
0 0.029187
0 0.029194
0 0.029201
0 0.029205
0 0.029206
0 0.029210
0 0.029223
0 0.029224
0 0.029229
0 0.029254
0 0.029281
0 0.029296
0 0.029305
0 0.029306
0 0.029307
0 0.029318
0 0.029320
0 0.029324
0 0.029326
0 0.029333
0 0.029339
0 0.029340
0 0.029351
0 0.029363
0 0.029375
0 0.029397
0 0.029401
0 0.029404
0 0.029408
0 0.029414
0 0.029415
0 0.029415
0 0.029444
0 0.029448
0 0.029477
0 0.029503
0 0.029525
0 0.029536
0 0.029541
0 0.029560
0 0.029562
0 0.029580
0 0.029623
0 0.029657
0 0.029686
0 0.029916
0 0.029916
0 0.029942
0 0.029944
0 0.030026
0 0.030027
0 0.030040
0 0.030056
0 0.030092
0 0.030174
0 0.030202
0 0.030216
0 0.030235
0 0.030318
0 0.030459
0 0.030515
0 0.030524
0 0.030553
0 0.031339
0 0.031346
0 0.031452
0 0.031692
0 0.031742
0 0.031787
0 0.031819
0 0.031988
0 0.032181
0 0.032340
0 0.032381
0 0.032412
0 0.032415
0 0.032427
0 0.032483
0 0.032651
0 0.032932
0 0.033208
0 0.033213
0 0.033353
0 0.033579
0 0.033861
0 0.033945
0 0.033979
0 0.034542
0 0.034579
0 0.035092
0 0.035260
0 0.035441
0 0.035973
0 0.035976
0 0.035993
0 0.036039
0 0.036102
0 0.036480
0 0.036503
0 0.036673
0 0.037149
0 0.038054
0 0.038579
0 0.039005
1 0.023319
1 0.023323
1 0.023329
1 0.023335
1 0.023365
1 0.023380
1 0.023380
1 0.023393
1 0.023397
1 0.023403
1 0.023419
1 0.023523
1 0.023649
1 0.023826
1 0.023839
1 0.023926
1 0.023943
1 0.024427
1 0.024431
1 0.024490
1 0.024598
1 0.024824
1 0.025632
1 0.025661
1 0.025686
1 0.025846
1 0.026114
1 0.026461
1 0.026481
1 0.026626
1 0.027157
1 0.027227
1 0.027258
1 0.027428
1 0.027448
1 0.027455
1 0.027529
1 0.027616
1 0.027674
1 0.027712
1 0.027747
1 0.027755
1 0.027776
1 0.027904
1 0.027947
1 0.028090
1 0.028113
1 0.028328
1 0.028376
1 0.028578
1 0.028704
1 0.028800
1 0.028801
1 0.029013
1 0.029036
1 0.029087
1 0.029099
1 0.029192
1 0.029409
1 0.029434
1 0.029601
1 0.029783
1 0.030069
1 0.030075
1 0.030114
1 0.030583
1 0.030877
1 0.031299
1 0.031323
1 0.031521
1 0.032081
1 0.032129
1 0.032135
1 0.032153
1 0.032470
1 0.032709
1 0.032952
1 0.033231
1 0.033287
1 0.033389
1 0.033497
1 0.033523
1 0.033563
1 0.033630
1 0.033742
1 0.033935
1 0.034026
1 0.034128
1 0.034427
1 0.034741
1 0.034888
1 0.034907
1 0.035102
1 0.035209
1 0.035376
1 0.035434
1 0.035440
1 0.035447
1 0.035461
1 0.035462
1 0.035509
1 0.035562
1 0.035579
1 0.035594
1 0.035645
1 0.035646
1 0.035661
1 0.035664
1 0.035667
1 0.035685
1 0.035700
1 0.035702
1 0.035714
1 0.035734
1 0.035740
1 0.035756
1 0.035761
1 0.035772
1 0.035772
1 0.035775
1 0.035787
1 0.035792
1 0.035795
1 0.035796
1 0.035800
1 0.035802
1 0.035812
1 0.035817
1 0.035820
1 0.035824
1 0.035826
1 0.035835
1 0.035836
1 0.035851
1 0.035860
1 0.035861
1 0.035866
1 0.035872
1 0.035875
1 0.035884
1 0.035885
1 0.035900
1 0.035902
1 0.035910
1 0.035914
1 0.035945
1 0.035948
1 0.035952
1 0.035957
1 0.035963
1 0.035965
1 0.035971
1 0.035996
1 0.036002
1 0.036004
1 0.036025
1 0.036033
1 0.036043
1 0.036051
1 0.036091
1 0.036115
1 0.036132
1 0.036137
1 0.036164
1 0.036170
1 0.036211
1 0.036220
1 0.036221
1 0.036226
1 0.036247
1 0.036281
1 0.036322
1 0.036325
1 0.036338
1 0.036346
1 0.036385
1 0.036395
1 0.036395
1 0.036440
1 0.036461
1 0.036498
1 0.036506
1 0.036557
1 0.036587
1 0.036597
1 0.036598
1 0.036627
1 0.036640
1 0.036690
1 0.036706
1 0.036727
1 0.036830
1 0.036898
1 0.036903
1 0.036904
1 0.037447
1 0.037461
1 0.037465
1 0.037557
1 0.038403
1 0.038607
1 0.038676
1 0.039706
1 0.039732
1 0.039794
1 0.039812
1 0.039908
1 0.039914
1 0.039939
1 0.039989
1 0.040057
1 0.040165
1 0.040884
1 0.041414
1 0.042529
1 0.042884
2 0.615282
2 0.708147
2 0.747510
2 0.752843
2 0.775700
2 0.815323
2 0.833922
2 0.838797
2 0.852587
