1 0.028424
1 0.026018
1 0.023854
1 0.030472
1 0.032893
1 0.029953
1 0.030694
1 0.030395
1 0.030669
1 0.034679
1 0.030489
1 0.024201
1 0.023414
1 0.023362
1 0.026403
1 0.023348
1 0.023416
1 0.028148
1 0.023301
1 0.023309
1 0.023321
1 0.023379
1 0.025530
1 0.037015
1 0.030243
1 0.030487
1 0.031020
1 0.031458
1 0.031612
1 0.035622
1 0.031625
1 0.031680
1 0.027872
1 0.034957
1 0.034042
1 0.025199
1 0.024953
1 0.023951
1 0.047502
1 0.085363
1 0.081655
1 0.041850
1 0.031743
1 0.052979
1 0.031421
1 0.027691
1 0.029976
1 0.028862
1 0.030060
1 0.030375
1 0.030313
1 0.029771
1 0.023311
1 0.023262
1 0.023275
1 0.023251
1 0.023264
1 0.023377
1 0.023322
1 0.023316
1 0.029528
1 0.030362
1 0.023256
1 0.029979
1 0.030171
1 0.030116
1 0.029962
1 0.030201
1 0.030064
1 0.030083
1 0.027095
1 0.027582
1 0.030246
1 0.029734
1 0.030205
1 0.030187
1 0.030167
1 0.030171
1 0.029777
1 0.023377
1 0.023287
1 0.029897
1 0.030156
1 0.030196
1 0.030406
1 0.030218
1 0.030299
1 0.029180
1 0.030003
1 0.030408
1 0.030145
1 0.030204
1 0.030115
1 0.030311
1 0.030106
1 0.029384
1 0.028152
1 0.030111
1 0.030221
1 0.023424
1 0.023330
1 0.023254
1 0.023249
1 0.023814
1 0.023286
1 0.023358
1 0.027718
1 0.026179
1 0.023396
1 0.023370
1 0.023279
1 0.023427
1 0.023425
1 0.023293
1 0.027609
1 0.028014
1 0.023307
1 0.023199
1 0.023240
1 0.023260
1 0.023290
1 0.023326
1 0.023249
1 0.023233
1 0.023400
1 0.023292
1 0.028551
1 0.030288
1 0.030250
1 0.030261
1 0.030030
1 0.030146
1 0.030727
1 0.030824
1 0.030660
1 0.030851
1 0.030057
1 0.030203
1 0.030236
1 0.030140
1 0.030199
1 0.030023
1 0.028241
1 0.030245
1 0.029733
1 0.029990
1 0.030079
1 0.030014
1 0.030179
1 0.030341
1 0.029591
1 0.023262
1 0.023270
1 0.023277
1 0.023204
1 0.023243
1 0.023293
1 0.023290
1 0.023231
1 0.023273
1 0.023228
1 0.023383
1 0.024652
1 0.030094
1 0.030208
1 0.030103
1 0.030319
1 0.030008
1 0.030397
1 0.030150
1 0.026765
1 0.029964
1 0.030065
1 0.029636
1 0.030082
1 0.030134
1 0.030348
1 0.030477
1 0.029699
1 0.030030
1 0.030196
1 0.029867
1 0.030347
1 0.030275
1 0.027394
1 0.023271
1 0.023350
1 0.026014
1 0.029690
1 0.030145
1 0.030231
1 0.030388
1 0.030290
1 0.030338
1 0.030203
1 0.027282
1 0.027847
1 0.028924
1 0.030197
1 0.030465
1 0.030136
1 0.029996
1 0.030046
1 0.030215
1 0.023394
1 0.023304
1 0.023233
1 0.023280
1 0.023221
1 0.023252
1 0.023323
1 0.023315
1 0.023246
1 0.023258
1 0.023729
1 0.029953
1 0.030313
1 0.030368
1 0.030235
1 0.029833
1 0.030216
1 0.030115
1 0.029861
1 0.030367
1 0.030133
1 0.029993
1 0.030019
1 0.030326
1 0.030571
1 0.030016
1 0.030264
1 0.024515
1 0.024399
1 0.030342
1 0.030183
1 0.030656
1 0.030224
1 0.030535
1 0.030310
1 0.030243
1 0.030215
1 0.030601
1 0.029978
1 0.030126
1 0.030152
1 0.030100
1 0.029965
1 0.029767
1 0.027017
1 0.030378
1 0.030026
1 0.029832
1 0.030381
1 0.030502
1 0.030286
1 0.023280
1 0.026400
1 0.030178
1 0.030369
1 0.030377
1 0.030278
1 0.030225
1 0.030044
1 0.030061
1 0.029286
1 0.023313
1 0.023241
1 0.023230
1 0.023266
1 0.023255
1 0.023218
1 0.023226
1 0.023267
1 0.023314
1 0.023573
1 0.027991
1 0.030009
1 0.030294
1 0.030094
1 0.029975
1 0.030264
1 0.030060
1 0.030398
1 0.027860
1 0.029989
1 0.030378
1 0.029982
1 0.030340
1 0.030064
1 0.030196
1 0.030441
1 0.029980
1 0.027283
1 0.029955
1 0.029967
1 0.030116
1 0.030106
1 0.030208
1 0.030271
1 0.030205
1 0.025360
1 0.023230
1 0.023231
1 0.023306
1 0.023248
1 0.023264
1 0.023247
1 0.023224
1 0.023263
1 0.023263
1 0.023304
1 0.023287
1 0.023312
1 0.023304
1 0.023201
1 0.023289
1 0.023255
1 0.023232
1 0.023375
1 0.023314
1 0.023223
1 0.023336
1 0.026715
1 0.030275
1 0.029963
1 0.030307
1 0.029931
1 0.030170
1 0.029905
1 0.027302
1 0.030396
1 0.032555
1 0.030169
1 0.030373
1 0.030265
1 0.029981
1 0.029996
1 0.030416
1 0.028357
1 0.029826
1 0.030171
1 0.030293
1 0.030708
1 0.030116
1 0.030349
1 0.030207
1 0.028254
1 0.028713
1 0.030078
1 0.030020
1 0.030266
1 0.029880
1 0.030443
1 0.029850
1 0.028622
1 0.030051
1 0.030151
1 0.030266
1 0.031286
1 0.030209
1 0.023336
1 0.023278
1 0.023318
1 0.023219
1 0.028110
1 0.030219
0 0.031879
0 0.024873
0 0.025424
0 0.029197
0 0.029071
0 0.027347
0 0.030479
0 0.030210
0 0.030559
0 0.030066
0 0.030285
0 0.027997
0 0.023503
0 0.023235
0 0.023248
0 0.023362
0 0.023220
0 0.023427
0 0.023296
0 0.023239
0 0.023427
0 0.023278
0 0.023206
0 0.028664
0 0.029941
0 0.030324
0 0.030104
0 0.029947
0 0.030715
0 0.030605
0 0.030529
0 0.030783
0 0.030654
0 0.030156
0 0.027851
0 0.030363
0 0.027935
0 0.023375
0 0.023247
0 0.023333
0 0.023259
0 0.024290
0 0.025667
0 0.023516
0 0.029902
0 0.036816
0 0.024036
0 0.028475
0 0.095594
0 0.025755
0 0.030165
0 0.027756
0 0.030120
0 0.029154
0 0.030306
0 0.034494
0 0.030557
0 0.028878
0 0.023395
0 0.027193
0 0.023335
0 0.023359
0 0.023370
0 0.025154
0 0.028062
0 0.027434
0 0.030537
0 0.025983
0 0.027666
0 0.036203
0 0.030461
0 0.030431
0 0.030569
0 0.030469
0 0.036378
0 0.026630
0 0.028789
0 0.030321
0 0.030070
0 0.030282
0 0.033509
0 0.030360
0 0.032442
0 0.029168
0 0.026135
0 0.026860
0 0.030275
0 0.034940
0 0.030581
0 0.030840
0 0.030622
0 0.032421
0 0.030199
0 0.030769
0 0.036790
0 0.030633
0 0.030546
0 0.030829
0 0.030287
0 0.028916
0 0.033658
0 0.030673
0 0.027498
0 0.025258
0 0.025966
0 0.023526
0 0.024190
0 0.027218
0 0.023468
0 0.025673
0 0.028073
0 0.023380
0 0.027931
0 0.023374
0 0.023449
0 0.023564
0 0.029000
0 0.029069
0 0.027108
0 0.023398
0 0.023459
0 0.023273
0 0.023586
0 0.025105
0 0.023291
0 0.029144
0 0.023387
0 0.025244
0 0.025847
0 0.030679
0 0.030584
0 0.031719
0 0.034021
0 0.030536
0 0.031549
0 0.035150
0 0.031504
0 0.031473
0 0.033791
0 0.030372
0 0.030673
0 0.035794
0 0.030696
0 0.030253
0 0.028678
0 0.030429
0 0.035686
0 0.030255
0 0.030605
0 0.033790
0 0.030668
0 0.034991
0 0.023554
0 0.023340
0 0.023468
0 0.023341
0 0.023374
0 0.027088
0 0.023371
0 0.023442
0 0.023371
0 0.025537
0 0.023431
0 0.026454
0 0.034700
0 0.030094
0 0.030763
0 0.036185
0 0.032580
0 0.030712
0 0.026715
0 0.030510
0 0.030567
0 0.037605
0 0.030578
0 0.030475
0 0.030486
0 0.030826
0 0.034319
0 0.030768
0 0.030471
0 0.030574
0 0.035726
0 0.030580
0 0.024428
0 0.023462
0 0.023403
0 0.030059
0 0.034628
0 0.030630
0 0.033453
0 0.030730
0 0.030578
0 0.034243
0 0.027726
0 0.028029
0 0.028717
0 0.034342
0 0.030360
0 0.030631
0 0.035479
0 0.030467
0 0.028067
0 0.023487
0 0.023495
0 0.027287
0 0.023472
0 0.023325
0 0.025188
0 0.023384
0 0.024953
0 0.023367
0 0.026446
0 0.029330
0 0.030298
0 0.032337
0 0.030821
0 0.033326
0 0.030931
0 0.035998
0 0.029961
0 0.030817
0 0.030534
0 0.030306
0 0.031525
0 0.033801
0 0.030753
0 0.030269
0 0.031409
0 0.023360
0 0.035966
0 0.030762
0 0.031047
0 0.030670
0 0.030665
0 0.036542
0 0.030498
0 0.030588
0 0.031328
0 0.030696
0 0.035305
0 0.030683
0 0.030334
0 0.030333
0 0.034115
0 0.030854
0 0.030628
0 0.032848
0 0.030494
0 0.030898
0 0.032424
0 0.027846
0 0.026202
0 0.030501
0 0.032290
0 0.030872
0 0.033184
0 0.030840
0 0.035486
0 0.030835
0 0.026685
0 0.023526
0 0.023288
0 0.023507
0 0.027439
0 0.023459
0 0.023475
0 0.023356
0 0.023391
0 0.028919
0 0.027336
0 0.030455
0 0.030851
0 0.034074
0 0.030688
0 0.030553
0 0.033122
0 0.030552
0 0.033468
0 0.030759
0 0.030833
0 0.030529
0 0.030828
0 0.030455
0 0.037716
0 0.030638
0 0.027422
0 0.030210
0 0.032407
0 0.030664
0 0.035073
0 0.030667
0 0.030685
0 0.030671
0 0.030501
0 0.023378
0 0.023576
0 0.023373
0 0.023520
0 0.023385
0 0.028892
0 0.023625
0 0.023377
0 0.023448
0 0.023446
0 0.023364
0 0.023556
0 0.030521
0 0.024169
0 0.023539
0 0.023336
0 0.025630
0 0.023901
0 0.023561
0 0.023456
0 0.033938
0 0.030618
0 0.030647
0 0.030466
0 0.030637
0 0.030558
0 0.032259
0 0.029786
0 0.031019
0 0.032472
0 0.030660
0 0.030751
0 0.034920
0 0.030741
0 0.030880
0 0.028437
0 0.034286
0 0.036001
0 0.030509
0 0.030824
0 0.030530
0 0.030928
0 0.036116
0 0.027110
0 0.030403
0 0.030439
0 0.030479
0 0.034906
0 0.030422
0 0.030653
0 0.030571
0 0.034536
0 0.030462
0 0.030661
0 0.031945
0 0.035226
0 0.027019
0 0.023617
0 0.023340
0 0.023473
0 0.030569
0 0.034563
2 0.645233
2 0.937051
2 0.862594
2 0.791180
2 0.822211
2 0.755398
2 0.990093
2 0.859115
2 0.777504
2 0.690716
2 0.803117
2 0.896183
