0 0.061350
0 0.057860
0 0.043088
0 0.030860
0 0.030480
0 0.030643
0 0.030778
0 0.035498
0 0.023467
0 0.030966
0 0.035575
0 0.034345
0 0.034518
0 0.030372
0 0.030953
0 0.032640
0 0.032813
0 0.030411
0 0.030782
0 0.032959
0 0.033640
0 0.034163
0 0.026723
0 0.028147
0 0.023486
0 0.026534
0 0.023499
0 0.023289
0 0.023366
0 0.024581
0 0.025937
0 0.023955
0 0.023401
0 0.026108
0 0.028679
0 0.027452
0 0.030111
0 0.024680
0 0.059115
0 0.079220
0 0.046905
0 0.046901
0 0.024682
0 0.028279
0 0.030675
0 0.034230
0 0.030601
0 0.024871
0 0.025819
0 0.024637
0 0.030483
0 0.035213
0 0.030384
0 0.030774
0 0.030909
0 0.035351
0 0.030493
0 0.030698
0 0.030336
0 0.030357
0 0.034972
0 0.030394
0 0.030496
0 0.028158
0 0.032380
0 0.035401
0 0.030462
0 0.030509
0 0.030694
0 0.030520
0 0.035082
0 0.024649
0 0.023301
0 0.029438
0 0.030199
0 0.036086
0 0.030536
0 0.031804
0 0.030665
0 0.027240
0 0.033040
0 0.030287
0 0.034684
0 0.030417
0 0.030343
0 0.030495
0 0.033401
0 0.029560
0 0.032334
0 0.026790
0 0.030399
0 0.024460
0 0.030744
0 0.030290
0 0.032781
0 0.029416
0 0.023341
0 0.031820
0 0.030526
0 0.034100
0 0.030836
0 0.030714
0 0.030647
0 0.034102
0 0.029603
0 0.031070
0 0.034315
0 0.031686
0 0.035569
0 0.030460
0 0.030770
0 0.028826
0 0.027482
0 0.034809
0 0.030518
0 0.030669
0 0.030820
0 0.036165
0 0.030891
0 0.030532
0 0.030950
0 0.035273
0 0.030817
0 0.030743
0 0.030819
0 0.030577
0 0.033858
0 0.027276
0 0.031048
0 0.033300
0 0.030783
0 0.031218
0 0.035753
0 0.030281
0 0.030509
0 0.026195
0 0.023362
0 0.023374
0 0.029080
0 0.023414
0 0.023361
0 0.023363
0 0.023365
0 0.023372
0 0.023364
0 0.025763
0 0.025041
0 0.031725
0 0.035264
0 0.030189
0 0.030429
0 0.030587
0 0.030498
0 0.030214
0 0.029749
0 0.029940
0 0.030667
0 0.034407
0 0.030569
0 0.030422
0 0.033177
0 0.029130
0 0.023304
0 0.032978
0 0.030416
0 0.030648
0 0.033806
0 0.030413
0 0.030927
0 0.034622
0 0.026113
0 0.030579
0 0.030786
0 0.034296
0 0.030568
0 0.030176
0 0.030499
0 0.035074
0 0.024413
0 0.030668
0 0.030320
0 0.030175
0 0.034775
0 0.027060
0 0.023473
0 0.023438
0 0.023353
0 0.029034
0 0.030310
0 0.030590
0 0.033076
0 0.030497
0 0.030616
0 0.031802
0 0.032588
0 0.027905
0 0.030460
0 0.030822
0 0.034979
0 0.030440
0 0.030653
0 0.030610
0 0.032852
0 0.023519
0 0.023446
0 0.023374
0 0.026147
0 0.023333
0 0.023343
0 0.029239
0 0.023360
0 0.023378
0 0.023320
0 0.028691
0 0.030800
0 0.034842
0 0.030329
0 0.030295
0 0.030511
0 0.035547
0 0.030757
0 0.029817
0 0.030482
0 0.027189
0 0.032107
0 0.030664
0 0.030595
0 0.030599
0 0.035495
0 0.024146
0 0.030444
0 0.030514
0 0.030346
0 0.033097
0 0.026876
0 0.030274
0 0.032837
0 0.026005
0 0.029478
0 0.033561
0 0.030476
0 0.030520
0 0.033322
0 0.030281
0 0.035122
0 0.025706
0 0.025361
0 0.030638
0 0.030343
0 0.032179
0 0.033080
0 0.030486
0 0.030357
0 0.034029
0 0.023331
0 0.029781
0 0.030281
0 0.030779
0 0.030484
0 0.034892
0 0.030555
0 0.028949
0 0.025877
0 0.030219
0 0.033897
0 0.030276
0 0.030711
0 0.034778
0 0.030679
0 0.029149
0 0.030321
0 0.037981
0 0.030313
0 0.030371
0 0.030483
0 0.030204
0 0.030763
0 0.028067
0 0.026864
0 0.023454
0 0.023386
0 0.023363
0 0.028313
0 0.023334
0 0.023376
0 0.023374
0 0.023397
0 0.023385
0 0.024953
0 0.023323
0 0.034072
0 0.027974
0 0.028464
0 0.030447
0 0.032790
0 0.030151
0 0.031148
0 0.029942
0 0.035596
0 0.030375
0 0.030396
0 0.030558
0 0.034709
0 0.030531
0 0.029482
0 0.030102
0 0.034223
0 0.030640
0 0.030343
0 0.026308
0 0.029141
0 0.023394
0 0.023388
0 0.027298
0 0.030377
0 0.026352
0 0.023227
0 0.027037
0 0.023933
0 0.030600
0 0.030377
0 0.034367
0 0.026627
0 0.030393
0 0.030547
0 0.036681
0 0.030078
0 0.030422
0 0.030620
0 0.030245
0 0.023355
0 0.028981
0 0.023365
0 0.023355
0 0.023425
0 0.023333
0 0.023457
0 0.023515
0 0.026974
0 0.023530
0 0.025338
0 0.031330
0 0.034751
2 0.032906
2 0.031306
2 0.026416
2 0.030626
2 0.631054
2 0.853836
2 0.809557
2 0.960828
2 0.820920
2 0.887577
2 0.922595
2 0.717978
2 0.947838
2 0.847303
2 0.917902
2 0.606187
1 0.047233
1 0.059914
1 0.039323
1 0.030256
1 0.030211
1 0.030465
1 0.030277
1 0.030406
1 0.027153
1 0.023353
1 0.035936
1 0.032904
1 0.032721
1 0.030385
1 0.030260
1 0.030439
1 0.028276
1 0.029911
1 0.030200
1 0.030109
1 0.030409
1 0.029613
1 0.030628
1 0.029170
1 0.027364
1 0.023955
1 0.023311
1 0.023300
1 0.023256
1 0.023222
1 0.023354
1 0.023398
1 0.023281
1 0.026547
1 0.023350
1 0.023545
1 0.030580
1 0.069491
1 0.042401
1 0.026321
1 0.033081
1 0.049703
1 0.071879
1 0.061799
1 0.030293
1 0.029929
1 0.030465
1 0.026865
1 0.023305
1 0.023279
1 0.028278
1 0.030210
1 0.030366
1 0.029971
1 0.030398
1 0.030553
1 0.032142
1 0.031389
1 0.030375
1 0.030233
1 0.030162
1 0.030095
1 0.030197
1 0.030322
1 0.028049
1 0.030401
1 0.030283
1 0.030455
1 0.030208
1 0.030644
1 0.030313
1 0.030446
1 0.026999
1 0.023405
1 0.027122
1 0.030288
1 0.032113
1 0.030473
1 0.030297
1 0.030090
1 0.030480
1 0.027239
1 0.030198
1 0.030303
1 0.030402
1 0.030144
1 0.030160
1 0.030207
1 0.030432
1 0.029385
1 0.028356
1 0.026801
1 0.030254
1 0.024432
1 0.027384
1 0.030329
1 0.032460
1 0.030291
1 0.023343
1 0.027802
1 0.030633
1 0.030162
1 0.030249
1 0.030383
1 0.030541
1 0.030084
1 0.029192
1 0.030879
1 0.030898
1 0.030928
1 0.030852
1 0.030381
1 0.030265
1 0.030562
1 0.027759
1 0.028404
1 0.031138
1 0.031573
1 0.030383
1 0.030330
1 0.030584
1 0.030602
1 0.030624
1 0.030821
1 0.030679
1 0.030545
1 0.030404
1 0.030381
1 0.030656
1 0.030126
1 0.030014
1 0.027865
1 0.030352
1 0.030762
1 0.030371
1 0.030282
1 0.032272
1 0.030613
1 0.030138
1 0.024353
1 0.023396
1 0.023279
1 0.023418
1 0.023292
1 0.023240
1 0.023395
1 0.023237
1 0.023250
1 0.023382
1 0.023341
1 0.024443
1 0.030158
1 0.030631
1 0.030363
1 0.030183
1 0.030182
1 0.030528
1 0.030343
1 0.025384
1 0.032069
1 0.030106
1 0.030387
1 0.030351
1 0.030330
1 0.029996
1 0.030205
1 0.026705
1 0.025289
1 0.030236
1 0.030373
1 0.030285
1 0.030171
1 0.030056
1 0.030566
1 0.030071
1 0.026058
1 0.030326
1 0.030397
1 0.030071
1 0.032453
1 0.030190
1 0.030554
1 0.030355
1 0.025127
1 0.029017
1 0.030328
1 0.030145
1 0.030113
1 0.030862
1 0.023466
1 0.023411
1 0.023623
1 0.023321
1 0.027568
1 0.030153
1 0.030603
1 0.031164
1 0.030123
1 0.030617
1 0.030012
1 0.029685
1 0.028945
1 0.030352
1 0.030482
1 0.030296
1 0.030323
1 0.030539
1 0.030063
1 0.030295
1 0.023691
1 0.023315
1 0.023469
1 0.023291
1 0.023250
1 0.023350
1 0.023254
1 0.023397
1 0.023255
1 0.023267
1 0.024576
1 0.030191
1 0.030606
1 0.030194
1 0.032491
1 0.030214
1 0.030084
1 0.030100
1 0.029570
1 0.030261
1 0.030268
1 0.026747
1 0.028777
1 0.030532
1 0.030226
1 0.030145
1 0.030198
1 0.024521
1 0.029453
1 0.030218
1 0.030287
1 0.030319
1 0.028399
1 0.028377
1 0.032084
1 0.028561
1 0.026596
1 0.030379
1 0.030313
1 0.030152
1 0.030459
1 0.030091
1 0.030474
1 0.030097
1 0.024003
1 0.027126
1 0.030281
1 0.030320
1 0.030243
1 0.030587
1 0.030208
1 0.030462
1 0.027969
1 0.023400
1 0.028541
1 0.032134
1 0.030322
1 0.030302
1 0.030264
1 0.030087
1 0.030297
1 0.024356
1 0.030022
1 0.030275
1 0.030116
1 0.030249
1 0.030286
1 0.030356
1 0.030409
1 0.028954
1 0.030273
1 0.030314
1 0.030073
1 0.030017
1 0.030376
1 0.032303
1 0.030487
1 0.027013
1 0.023280
1 0.023321
1 0.023410
1 0.023281
1 0.023342
1 0.023241
1 0.023240
1 0.023348
1 0.023292
1 0.023240
1 0.023464
1 0.023307
1 0.027536
1 0.030153
1 0.025884
1 0.030169
1 0.030509
1 0.030137
1 0.029989
1 0.029157
1 0.032313
1 0.030222
1 0.030246
1 0.030388
1 0.030163
1 0.030129
1 0.030377
1 0.029335
1 0.030065
1 0.030192
1 0.030288
1 0.030050
1 0.026611
1 0.023293
1 0.023276
1 0.023362
1 0.025272
1 0.030502
1 0.027920
1 0.023355
1 0.023278
1 0.023220
1 0.029971
1 0.030136
1 0.030370
1 0.026607
1 0.029612
1 0.030028
1 0.030292
1 0.030025
1 0.030239
1 0.030200
1 0.030588
1 0.028685
1 0.023424
1 0.023247
1 0.023236
1 0.023392
1 0.023224
1 0.023291
1 0.023364
1 0.023297
1 0.023278
1 0.023498
1 0.025683
1 0.033338
1 0.030270
1 0.030038
