0 0.023270
0 0.023287
0 0.023318
0 0.023330
0 0.023335
0 0.023339
0 0.023340
0 0.023343
0 0.023353
0 0.023353
0 0.023359
0 0.023377
0 0.023381
0 0.023382
0 0.023385
0 0.023392
0 0.023392
0 0.023392
0 0.023396
0 0.023399
0 0.023401
0 0.023402
0 0.023404
0 0.023408
0 0.023410
0 0.023413
0 0.023415
0 0.023415
0 0.023418
0 0.023420
0 0.023421
0 0.023422
0 0.023424
0 0.023424
0 0.023426
0 0.023434
0 0.023439
0 0.023441
0 0.023442
0 0.023446
0 0.023446
0 0.023448
0 0.023449
0 0.023462
0 0.023462
0 0.023473
0 0.023482
0 0.023486
0 0.023488
0 0.023490
0 0.023491
0 0.023496
0 0.023505
0 0.023508
0 0.023509
0 0.023520
0 0.023531
0 0.023535
0 0.023543
0 0.023559
0 0.023575
0 0.023591
0 0.023617
0 0.023631
0 0.023639
0 0.023642
0 0.023658
0 0.023681
0 0.023728
0 0.023805
0 0.023826
0 0.023965
0 0.024020
0 0.024300
0 0.024493
0 0.024741
0 0.024952
0 0.024969
0 0.025040
0 0.025232
0 0.025326
0 0.025375
0 0.025393
0 0.025440
0 0.025452
0 0.025468
0 0.025505
0 0.025605
0 0.025734
0 0.025746
0 0.025764
0 0.025828
0 0.025911
0 0.026047
0 0.026107
0 0.026116
0 0.026281
0 0.026325
0 0.026358
0 0.026402
0 0.026458
0 0.026489
0 0.026494
0 0.026518
0 0.026521
0 0.026619
0 0.026708
0 0.026722
0 0.026838
0 0.026860
0 0.026862
0 0.026898
0 0.026924
0 0.026962
0 0.026988
0 0.027092
0 0.027094
0 0.027134
0 0.027154
0 0.027217
0 0.027381
0 0.027479
0 0.027494
0 0.027526
0 0.027622
0 0.027623
0 0.027639
0 0.027656
0 0.027755
0 0.027812
0 0.027920
0 0.027970
0 0.027973
0 0.028099
0 0.028123
0 0.028134
0 0.028200
0 0.028205
0 0.028295
0 0.028309
0 0.028347
0 0.028383
0 0.028397
0 0.028445
0 0.028498
0 0.028503
0 0.028507
0 0.028510
0 0.028524
0 0.028550
0 0.028567
0 0.028590
0 0.028600
0 0.028611
0 0.028614
0 0.028615
0 0.028617
0 0.028621
0 0.028625
0 0.028629
0 0.028630
0 0.028630
0 0.028635
0 0.028642
0 0.028662
0 0.028663
0 0.028674
0 0.028674
0 0.028675
0 0.028676
0 0.028679
0 0.028702
0 0.028716
0 0.028716
0 0.028719
0 0.028723
0 0.028723
0 0.028724
0 0.028728
0 0.028741
0 0.028745
0 0.028747
0 0.028749
0 0.028762
0 0.028763
0 0.028764
0 0.028789
0 0.028806
0 0.028807
0 0.028816
0 0.028819
0 0.028821
0 0.028824
0 0.028825
0 0.028825
0 0.028835
0 0.028841
0 0.028843
0 0.028860
0 0.028865
0 0.028870
0 0.028871
0 0.028877
0 0.028886
0 0.028887
0 0.028890
0 0.028891
0 0.028901
0 0.028906
0 0.028908
0 0.028912
0 0.028918
0 0.028929
0 0.028935
0 0.028948
0 0.028969
0 0.028988
0 0.029009
0 0.029015
0 0.029018
0 0.029028
0 0.029032
0 0.029041
0 0.029045
0 0.029046
0 0.029056
0 0.029058
0 0.029063
0 0.029085
0 0.029093
0 0.029104
0 0.029106
0 0.029121
0 0.029132
0 0.029188
0 0.029226
0 0.029228
0 0.029240
0 0.029240
0 0.029250
0 0.029254
0 0.029255
0 0.029267
0 0.029280
0 0.029281
0 0.029324
0 0.029328
0 0.029335
0 0.029407
0 0.029432
0 0.029465
0 0.029484
0 0.029500
0 0.029508
0 0.029515
0 0.029562
0 0.029584
0 0.029600
0 0.029629
0 0.029666
0 0.029681
0 0.029691
0 0.029702
0 0.029752
0 0.029846
0 0.029849
0 0.029902
0 0.029991
0 0.029994
0 0.030028
0 0.030066
0 0.030123
0 0.030149
0 0.030389
0 0.030739
0 0.031356
0 0.031577
0 0.031698
0 0.031861
0 0.031931
0 0.032186
0 0.032433
0 0.032530
0 0.032679
0 0.033136
0 0.033323
0 0.034102
0 0.034109
0 0.034129
0 0.034147
0 0.034175
0 0.034404
0 0.035244
0 0.035296
0 0.035454
0 0.035834
0 0.036276
0 0.038851
0 0.039111
0 0.039516
0 0.044937
0 0.045747
0 0.045819
0 0.048105
0 0.048876
0 0.050290
0 0.053053
0 0.054914
0 0.061898
1 0.023322
1 0.023400
1 0.023802
1 0.023824
1 0.023895
1 0.024186
1 0.024188
1 0.024266
1 0.024301
1 0.024310
1 0.024333
1 0.024356
1 0.024462
1 0.024525
1 0.024539
1 0.024572
1 0.024594
1 0.024734
1 0.024758
1 0.024909
1 0.025344
1 0.025409
1 0.026159
1 0.026300
1 0.026520
1 0.026682
1 0.026703
1 0.026786
1 0.026816
1 0.026883
1 0.026908
1 0.026990
1 0.027041
1 0.027156
1 0.027163
1 0.027349
1 0.027363
1 0.027413
1 0.027624
1 0.027625
1 0.027635
1 0.027665
1 0.027706
1 0.027755
1 0.027763
1 0.027766
1 0.027788
1 0.027791
1 0.027799
1 0.027804
1 0.027817
1 0.027824
1 0.027827
1 0.027832
1 0.027845
1 0.027848
1 0.027864
1 0.027876
1 0.027883
1 0.027891
1 0.027902
1 0.027909
1 0.027916
1 0.027943
1 0.027973
1 0.027976
1 0.027987
1 0.027996
1 0.028016
1 0.028035
1 0.028066
1 0.028073
1 0.028178
1 0.028185
1 0.028245
1 0.028401
1 0.028412
1 0.028417
1 0.028468
1 0.028598
1 0.028620
1 0.028669
1 0.028765
1 0.028896
1 0.029013
1 0.029060
1 0.029092
1 0.029250
1 0.029622
1 0.029699
1 0.029795
1 0.029996
1 0.030024
1 0.030053
1 0.030243
1 0.030709
1 0.030791
1 0.030859
1 0.030944
1 0.031009
1 0.031050
1 0.031056
1 0.031174
1 0.031197
1 0.031206
1 0.031209
1 0.031319
1 0.031393
1 0.031435
1 0.031568
1 0.031626
1 0.031637
1 0.031905
1 0.031964
1 0.032161
1 0.032260
1 0.032285
1 0.032337
1 0.032385
1 0.032468
1 0.032593
1 0.032599
1 0.032654
1 0.032729
1 0.032751
1 0.032779
1 0.032797
1 0.032916
1 0.033009
1 0.033259
1 0.033338
1 0.033367
1 0.033469
1 0.033530
1 0.033565
1 0.033750
1 0.033826
1 0.033837
1 0.033854
1 0.034006
1 0.034018
1 0.034060
1 0.034061
1 0.034103
1 0.034224
1 0.034327
1 0.034345
1 0.034378
1 0.034527
1 0.034548
1 0.034570
1 0.034602
1 0.034641
1 0.034654
1 0.034678
1 0.034729
1 0.034822
1 0.034846
1 0.034932
1 0.034964
1 0.034973
1 0.034990
1 0.035003
1 0.035046
1 0.035095
1 0.035097
1 0.035135
1 0.035141
1 0.035143
1 0.035149
1 0.035149
1 0.035204
1 0.035214
1 0.035227
1 0.035243
1 0.035262
1 0.035266
1 0.035267
1 0.035271
1 0.035274
1 0.035277
1 0.035280
1 0.035290
1 0.035291
1 0.035298
1 0.035317
1 0.035345
1 0.035359
1 0.035374
1 0.035437
1 0.035460
1 0.035477
1 0.035507
1 0.035514
1 0.035527
1 0.035546
1 0.035553
1 0.035568
1 0.035582
1 0.035594
1 0.035626
1 0.035635
1 0.035645
1 0.035654
1 0.035657
1 0.035669
1 0.035672
1 0.035710
1 0.035720
1 0.035739
1 0.035746
1 0.035750
1 0.035753
1 0.035761
1 0.035763
1 0.035767
1 0.035791
1 0.035795
1 0.035798
1 0.035818
1 0.035856
1 0.035869
1 0.035890
1 0.035903
1 0.035934
1 0.035967
1 0.035969
1 0.035990
1 0.035999
1 0.036008
1 0.036063
1 0.036170
1 0.036190
1 0.036254
1 0.036257
1 0.036271
1 0.036318
1 0.036404
1 0.036445
1 0.036452
1 0.036516
1 0.036548
1 0.036736
1 0.037042
1 0.037111
1 0.037132
1 0.037144
1 0.037224
1 0.037642
1 0.038240
1 0.039454
1 0.039572
1 0.039576
1 0.040075
1 0.040235
1 0.040694
1 0.040896
1 0.042194
1 0.042389
1 0.050502
1 0.051317
1 0.054415
1 0.054576
1 0.055728
1 0.058770
2 0.024068
2 0.024963
2 0.027246
2 0.028343
2 0.030104
2 0.030694
2 0.030832
2 0.030858
2 0.030871
2 0.031582
2 0.031914
2 0.032057
2 0.033239
2 0.034340
2 0.034966
2 0.264227
2 0.364997
2 0.633416
2 0.709215
2 0.797709
2 0.836084
2 0.848161
2 0.982949
2 1.165428
2 1.193977
