0, 0.023225
0, 0.023263
0, 0.023293
0, 0.023302
0, 0.023307
0, 0.023328
0, 0.023332
0, 0.023333
0, 0.023334
0, 0.023337
0, 0.023342
0, 0.023346
0, 0.023362
0, 0.023362
0, 0.023369
0, 0.023376
0, 0.023389
0, 0.023430
0, 0.023449
0, 0.023470
0, 0.023471
0, 0.023472
0, 0.023476
0, 0.023483
0, 0.023500
0, 0.023556
0, 0.023560
0, 0.023979
0, 0.024314
0, 0.024324
0, 0.024383
0, 0.024563
0, 0.025245
0, 0.025788
0, 0.026060
0, 0.026670
0, 0.026731
0, 0.026773
0, 0.026827
0, 0.026992
0, 0.027125
0, 0.027133
0, 0.027181
0, 0.027545
0, 0.027583
0, 0.027609
0, 0.027620
0, 0.027639
0, 0.027642
0, 0.027675
0, 0.027676
0, 0.027680
0, 0.027708
0, 0.027740
0, 0.027805
0, 0.027835
0, 0.027894
0, 0.028086
0, 0.028168
0, 0.028191
0, 0.028245
0, 0.028250
0, 0.028254
0, 0.028319
0, 0.028455
0, 0.028458
0, 0.028503
0, 0.028503
0, 0.028505
0, 0.028524
0, 0.028623
0, 0.028624
0, 0.028626
0, 0.028675
0, 0.028736
0, 0.028760
0, 0.028794
0, 0.028795
0, 0.028799
0, 0.028807
0, 0.028821
0, 0.028833
0, 0.028845
0, 0.028848
0, 0.028862
0, 0.028874
0, 0.028878
0, 0.028889
0, 0.028902
0, 0.028905
0, 0.028908
0, 0.028913
0, 0.028930
0, 0.028931
0, 0.028939
0, 0.028942
0, 0.028947
0, 0.028970
0, 0.028971
0, 0.028973
0, 0.028975
0, 0.028978
0, 0.028987
0, 0.028989
0, 0.028996
0, 0.028997
0, 0.029002
0, 0.029003
0, 0.029009
0, 0.029021
0, 0.029025
0, 0.029031
0, 0.029039
0, 0.029053
0, 0.029074
0, 0.029076
0, 0.029077
0, 0.029099
0, 0.029107
0, 0.029120
0, 0.029126
0, 0.029132
0, 0.029151
0, 0.029161
0, 0.029191
0, 0.029198
0, 0.029198
0, 0.029242
0, 0.029250
0, 0.029252
0, 0.029252
0, 0.029265
0, 0.029274
0, 0.029275
0, 0.029309
0, 0.029316
0, 0.029317
0, 0.029335
0, 0.029345
0, 0.029349
0, 0.029375
0, 0.029380
0, 0.029389
0, 0.029390
0, 0.029404
0, 0.029430
0, 0.029440
0, 0.029507
0, 0.029515
0, 0.029517
0, 0.029520
0, 0.029557
0, 0.029609
0, 0.029615
0, 0.029706
0, 0.029709
0, 0.029746
0, 0.029757
0, 0.029768
0, 0.029776
0, 0.029782
0, 0.029788
0, 0.029794
0, 0.029809
0, 0.029842
0, 0.029847
0, 0.029857
0, 0.029884
0, 0.029909
0, 0.030011
0, 0.030063
0, 0.030065
0, 0.030075
0, 0.030080
0, 0.030096
0, 0.030105
0, 0.030108
0, 0.030134
0, 0.030189
0, 0.030242
0, 0.030283
0, 0.030510
0, 0.030647
0, 0.030745
0, 0.030880
0, 0.031172
0, 0.031225
0, 0.031637
0, 0.031789
0, 0.031800
0, 0.031992
0, 0.032092
0, 0.032261
0, 0.032382
0, 0.032419
0, 0.032438
0, 0.032539
0, 0.033009
0, 0.033046
0, 0.033047
0, 0.033063
0, 0.033154
0, 0.033338
0, 0.033534
0, 0.033996
0, 0.034078
0, 0.034462
0, 0.034515
0, 0.035033
0, 0.035303
0, 0.035303
0, 0.035333
0, 0.035421
0, 0.035446
0, 0.035448
0, 0.035467
0, 0.035475
0, 0.035484
0, 0.035486
0, 0.035520
0, 0.035521
0, 0.035536
0, 0.035541
0, 0.035554
0, 0.035570
0, 0.035588
0, 0.035603
0, 0.035607
0, 0.035607
0, 0.035610
0, 0.035618
0, 0.035623
0, 0.035637
0, 0.035638
0, 0.035645
0, 0.035654
0, 0.035666
0, 0.035684
0, 0.035691
0, 0.035696
0, 0.035720
0, 0.035721
0, 0.035729
0, 0.035734
0, 0.035746
0, 0.035748
0, 0.035755
0, 0.035794
0, 0.035799
0, 0.035801
0, 0.035803
0, 0.035811
0, 0.035844
0, 0.035855
0, 0.035858
0, 0.035864
0, 0.035865
0, 0.035877
0, 0.035884
0, 0.035886
0, 0.035900
0, 0.035910
0, 0.035929
0, 0.035941
0, 0.035956
0, 0.035958
0, 0.035962
0, 0.035963
0, 0.035976
0, 0.036009
0, 0.036044
0, 0.036050
0, 0.036108
0, 0.036124
0, 0.036128
0, 0.036129
0, 0.036151
0, 0.036272
0, 0.036322
0, 0.036353
0, 0.036419
0, 0.036447
0, 0.036449
0, 0.036455
0, 0.036511
0, 0.036566
0, 0.036575
0, 0.036687
0, 0.036703
0, 0.036712
0, 0.036786
0, 0.036815
0, 0.036860
0, 0.037114
0, 0.037652
0, 0.037995
0, 0.038364
0, 0.038427
0, 0.038594
0, 0.038810
0, 0.039306
0, 0.039841
0, 0.039854
0, 0.039919
0, 0.040189
0, 0.040337
0, 0.040592
0, 0.045207
1, 0.023319
1, 0.023327
1, 0.023335
1, 0.023339
1, 0.023346
1, 0.023347
1, 0.023356
1, 0.023366
1, 0.023370
1, 0.023398
1, 0.023398
1, 0.023405
1, 0.023417
1, 0.023418
1, 0.023422
1, 0.023426
1, 0.023428
1, 0.023440
1, 0.023478
1, 0.023481
1, 0.023525
1, 0.023538
1, 0.023566
1, 0.023956
1, 0.023968
1, 0.024132
1, 0.024287
1, 0.024303
1, 0.024308
1, 0.024357
1, 0.024397
1, 0.024459
1, 0.024462
1, 0.024554
1, 0.024647
1, 0.024767
1, 0.024775
1, 0.024914
1, 0.025058
1, 0.026039
1, 0.026141
1, 0.026291
1, 0.026502
1, 0.026734
1, 0.026760
1, 0.026858
1, 0.026884
1, 0.027136
1, 0.027353
1, 0.027425
1, 0.027615
1, 0.027616
1, 0.027632
1, 0.027657
1, 0.027660
1, 0.027706
1, 0.027759
1, 0.027763
1, 0.027814
1, 0.027838
1, 0.027916
1, 0.027921
1, 0.027924
1, 0.027942
1, 0.028332
1, 0.028376
1, 0.028489
1, 0.028547
1, 0.028632
1, 0.028674
1, 0.028675
1, 0.028725
1, 0.028773
1, 0.028777
1, 0.028804
1, 0.028831
1, 0.028831
1, 0.028862
1, 0.028865
1, 0.028878
1, 0.028880
1, 0.028883
1, 0.028883
1, 0.028912
1, 0.028919
1, 0.028925
1, 0.028931
1, 0.028941
1, 0.028944
1, 0.028945
1, 0.028965
1, 0.028971
1, 0.028972
1, 0.028984
1, 0.028989
1, 0.028992
1, 0.028995
1, 0.029001
1, 0.029003
1, 0.029009
1, 0.029017
1, 0.029023
1, 0.029026
1, 0.029032
1, 0.029035
1, 0.029058
1, 0.029060
1, 0.029065
1, 0.029075
1, 0.029077
1, 0.029079
1, 0.029079
1, 0.029079
1, 0.029080
1, 0.029084
1, 0.029090
1, 0.029117
1, 0.029122
1, 0.029127
1, 0.029127
1, 0.029131
1, 0.029135
1, 0.029144
1, 0.029169
1, 0.029175
1, 0.029176
1, 0.029184
1, 0.029190
1, 0.029192
1, 0.029193
1, 0.029204
1, 0.029214
1, 0.029218
1, 0.029225
1, 0.029230
1, 0.029234
1, 0.029244
1, 0.029248
1, 0.029250
1, 0.029256
1, 0.029261
1, 0.029265
1, 0.029266
1, 0.029279
1, 0.029280
1, 0.029281
1, 0.029282
1, 0.029290
1, 0.029305
1, 0.029345
1, 0.029362
1, 0.029368
1, 0.029377
1, 0.029386
1, 0.029405
1, 0.029407
1, 0.029430
1, 0.029448
1, 0.029449
1, 0.029511
1, 0.029526
1, 0.029527
1, 0.029531
1, 0.029536
1, 0.029570
1, 0.029584
1, 0.029600
1, 0.029607
1, 0.029684
1, 0.029748
1, 0.029755
1, 0.029757
1, 0.029785
1, 0.029792
1, 0.029807
1, 0.029832
1, 0.029832
1, 0.029981
1, 0.030036
1, 0.030037
1, 0.030067
1, 0.030069
1, 0.030114
1, 0.030115
1, 0.030126
1, 0.030215
1, 0.030323
1, 0.030678
1, 0.030964
1, 0.031317
1, 0.031398
1, 0.031422
1, 0.031433
1, 0.031437
1, 0.031809
1, 0.031820
1, 0.031835
1, 0.031882
1, 0.032109
1, 0.032144
1, 0.032208
1, 0.032249
1, 0.032300
1, 0.032400
1, 0.032467
1, 0.032537
1, 0.032549
1, 0.032596
1, 0.032702
1, 0.032713
1, 0.032854
1, 0.032941
1, 0.032947
1, 0.032949
1, 0.032968
1, 0.033089
1, 0.033124
1, 0.033219
1, 0.033437
1, 0.033467
1, 0.033589
1, 0.033630
1, 0.033640
1, 0.033978
1, 0.033996
1, 0.034046
1, 0.034208
1, 0.034578
1, 0.034650
1, 0.034961
1, 0.034986
1, 0.035044
1, 0.035100
1, 0.035165
1, 0.035179
1, 0.035218
1, 0.035257
1, 0.035308
1, 0.035308
1, 0.035352
1, 0.035355
1, 0.035360
1, 0.035453
1, 0.035459
1, 0.035460
1, 0.035465
1, 0.035525
1, 0.035526
1, 0.035537
1, 0.035539
1, 0.035549
1, 0.035555
1, 0.035568
1, 0.035597
1, 0.035605
1, 0.035609
1, 0.035616
1, 0.035619
1, 0.035627
1, 0.035640
1, 0.035643
1, 0.035669
1, 0.035695
1, 0.035697
1, 0.035713
1, 0.035739
1, 0.035751
1, 0.035767
1, 0.035771
1, 0.035773
1, 0.035806
1, 0.035859
1, 0.035863
1, 0.035870
1, 0.035879
1, 0.035939
1, 0.035942
1, 0.035963
1, 0.035980
1, 0.036007
1, 0.036028
1, 0.036046
1, 0.036050
1, 0.036154
1, 0.036207
1, 0.036220
1, 0.036240
1, 0.036264
1, 0.036478
1, 0.036534
1, 0.036541
1, 0.036560
1, 0.036701
1, 0.036721
1, 0.036776
1, 0.036783
1, 0.037640
1, 0.037705
1, 0.038444
1, 0.038745
1, 0.039584
1, 0.039972
1, 0.039992
1, 0.040425
1, 0.041591
1, 0.042138
1, 0.042624
1, 0.044161
1, 0.044322
2, 0.737048
2, 0.763923
2, 0.775369
2, 0.814123
2, 0.924006
2, 0.928784
2, 0.945329
2, 1.096362
2, 1.121115
2, 1.176465
