1 0.043379
1 0.054059
1 0.068947
1 0.039448
1 0.030098
1 0.030278
1 0.030053
1 0.030470
1 0.030112
1 0.029821
1 0.027099
1 0.030349
1 0.030138
1 0.030204
1 0.030218
1 0.030237
1 0.027800
1 0.025662
1 0.030203
1 0.030302
1 0.030282
1 0.030450
1 0.030533
1 0.024831
1 0.025036
1 0.031201
1 0.030271
1 0.030159
1 0.030557
1 0.030307
1 0.026501
1 0.032887
1 0.030396
1 0.030526
1 0.066633
1 0.092441
1 0.116030
1 0.057245
1 0.023241
1 0.023265
1 0.023245
1 0.023273
1 0.023230
1 0.023203
1 0.023167
1 0.023221
1 0.023220
1 0.023296
1 0.023219
1 0.023223
1 0.023250
1 0.023232
1 0.023310
1 0.025783
1 0.028338
1 0.030406
1 0.030414
1 0.030282
1 0.030407
1 0.024112
1 0.027872
1 0.030274
1 0.029181
1 0.027612
1 0.023213
1 0.023291
1 0.023226
1 0.023263
1 0.030273
1 0.030157
1 0.030196
1 0.030284
1 0.030246
1 0.027047
1 0.030318
1 0.029472
1 0.030344
1 0.030547
1 0.030438
1 0.030412
1 0.030260
1 0.030573
1 0.030646
1 0.030070
1 0.030591
1 0.030220
1 0.030304
1 0.030264
1 0.030235
1 0.030348
1 0.030226
1 0.030433
1 0.030580
1 0.030176
1 0.030044
1 0.025532
1 0.023226
1 0.023239
1 0.023232
1 0.023271
1 0.023301
1 0.023206
1 0.023237
1 0.023222
1 0.023215
1 0.023228
1 0.023248
1 0.023259
1 0.023240
1 0.023247
1 0.023320
1 0.023239
1 0.027170
1 0.030350
1 0.029883
1 0.030650
1 0.030533
1 0.030534
1 0.030212
1 0.024988
1 0.029641
1 0.030379
1 0.030605
1 0.031747
1 0.029183
1 0.030583
1 0.030683
1 0.030710
1 0.030468
1 0.030531
1 0.030239
1 0.030538
1 0.028902
1 0.031105
1 0.029347
1 0.023535
1 0.030948
1 0.030788
1 0.029388
1 0.029788
1 0.030673
1 0.030572
1 0.030768
1 0.030785
1 0.030675
1 0.026746
1 0.023248
1 0.023286
1 0.023234
1 0.029288
1 0.030148
1 0.030340
1 0.029153
1 0.030483
1 0.030427
1 0.030290
1 0.030138
1 0.030609
1 0.030016
1 0.023219
1 0.025175
1 0.030314
1 0.030647
1 0.030369
1 0.030304
1 0.029807
1 0.029622
1 0.030071
1 0.030212
1 0.026963
1 0.030548
1 0.030350
1 0.030531
1 0.030230
1 0.030402
1 0.030415
1 0.030298
1 0.030430
1 0.030593
1 0.024598
1 0.026673
1 0.024580
1 0.030597
1 0.030043
1 0.030197
1 0.030177
1 0.030438
1 0.030188
1 0.030433
1 0.030847
1 0.030591
1 0.030367
1 0.029688
1 0.028149
1 0.030508
1 0.030302
1 0.030630
1 0.030421
1 0.030161
1 0.030588
1 0.029726
1 0.032731
1 0.037888
1 0.039567
1 0.035329
1 0.031782
1 0.027300
1 0.035623
1 0.032666
1 0.037273
1 0.036564
1 0.038127
1 0.038347
1 0.035625
1 0.041182
1 0.034253
1 0.037693
1 0.039847
1 0.038681
1 0.038346
1 0.030319
1 0.041834
1 0.036639
1 0.039760
1 0.027131
1 0.037753
1 0.038208
1 0.044486
1 0.032581
1 0.027891
1 0.029787
1 0.028609
1 0.028786
1 0.032128
1 0.027633
1 0.037256
1 0.038050
1 0.038495
1 0.032600
1 0.035813
1 0.041998
1 0.038183
1 0.041193
1 0.038366
1 0.030041
1 0.044986
1 0.033758
1 0.041312
1 0.038313
1 0.038138
1 0.037877
1 0.032286
1 0.031206
1 0.032089
1 0.034605
1 0.038169
1 0.038855
1 0.037021
1 0.036053
1 0.031293
1 0.026679
1 0.031211
1 0.034949
1 0.023267
1 0.031181
1 0.031406
1 0.023257
1 0.041751
1 0.036197
1 0.037647
1 0.038759
1 0.042503
1 0.037957
1 0.031255
1 0.042081
1 0.038050
1 0.039986
1 0.034063
1 0.030700
1 0.043533
1 0.037912
1 0.025911
1 0.031233
1 0.031834
1 0.031520
2 0.024897
2 0.028873
2 0.029777
2 0.031101
2 0.030470
2 0.030758
2 0.084871
2 0.144764
2 0.142879
2 0.132951
2 0.178905
2 0.151152
2 0.132151
2 0.133095
2 0.108475
2 0.123562
2 0.134476
2 0.102512
2 0.151751
2 0.128954
2 0.125385
2 0.129269
2 0.146414
2 0.133775
2 0.149791
2 0.152028
2 0.145215
2 0.115771
2 0.096636
2 0.116112
2 0.117620
2 0.153222
2 0.135967
2 0.154356
2 0.142886
2 0.143158
2 0.148306
2 0.122132
2 0.150823
2 0.133325
2 0.134175
2 0.165556
2 0.133830
2 0.151771
2 0.122870
2 0.152895
2 0.136928
2 0.145993
2 0.155984
2 0.116072
2 0.101143
2 0.132233
2 0.173758
2 0.107841
2 0.161350
2 0.139053
2 0.117136
2 0.117678
2 0.134388
2 0.121340
2 0.165460
2 0.107864
2 0.141452
2 0.166945
2 0.108598
2 0.117502
2 0.108903
2 0.152080
2 0.130981
2 0.133703
2 0.136726
0 0.056913
0 0.054832
0 0.057458
0 0.049464
0 0.034720
0 0.038613
0 0.041859
0 0.039079
0 0.036189
0 0.039612
0 0.038982
0 0.038060
0 0.036767
0 0.034804
0 0.040061
0 0.035454
0 0.039682
0 0.039303
0 0.050815
0 0.052674
0 0.039435
0 0.043791
0 0.033627
0 0.033652
0 0.036180
0 0.040062
0 0.035603
0 0.035303
0 0.025527
0 0.035776
0 0.042753
0 0.030997
0 0.031962
0 0.031426
0 0.049275
0 0.044660
0 0.023268
0 0.032529
0 0.030764
0 0.026771
0 0.031225
0 0.033454
0 0.030312
0 0.027903
0 0.028215
0 0.027771
0 0.028958
0 0.030907
0 0.039970
0 0.039696
0 0.039541
0 0.038861
0 0.027100
0 0.035839
0 0.043282
0 0.034316
0 0.029209
0 0.031919
0 0.023357
0 0.039060
0 0.038827
0 0.035972
0 0.040648
0 0.038198
0 0.037494
0 0.040922
0 0.036012
0 0.039334
0 0.041131
0 0.039974
0 0.036372
0 0.038962
0 0.036582
0 0.039012
0 0.036419
0 0.038942
0 0.042862
0 0.039324
0 0.033476
0 0.038742
0 0.041618
0 0.026377
0 0.028949
0 0.029230
0 0.031533
0 0.029072
0 0.028573
0 0.029096
0 0.027587
0 0.032947
0 0.030249
0 0.029167
0 0.026781
0 0.030095
0 0.039138
0 0.039551
0 0.036447
0 0.039051
0 0.038899
0 0.035132
0 0.038878
0 0.036458
0 0.043549
0 0.041751
0 0.035740
0 0.036346
0 0.037449
0 0.042393
0 0.037867
0 0.035194
0 0.037945
0 0.035519
0 0.035823
0 0.033562
0 0.041849
0 0.039665
0 0.040523
0 0.038591
0 0.037934
0 0.040692
0 0.026800
0 0.031857
0 0.032936
0 0.035614
0 0.042801
0 0.033342
0 0.039648
0 0.038256
0 0.035643
0 0.039228
0 0.032296
0 0.034337
0 0.038906
0 0.038557
0 0.039158
0 0.037543
0 0.038984
0 0.039075
0 0.031791
0 0.040148
0 0.036260
0 0.031929
0 0.038343
0 0.039705
0 0.041080
0 0.038508
0 0.029111
0 0.036235
0 0.035657
0 0.035639
0 0.041706
0 0.036672
0 0.038639
0 0.037941
0 0.038478
0 0.046402
0 0.033097
0 0.038987
0 0.033302
0 0.046356
0 0.038378
0 0.038158
0 0.037632
0 0.029848
0 0.024928
0 0.030626
0 0.031277
0 0.030214
0 0.028395
0 0.023438
0 0.023225
0 0.023285
0 0.023445
0 0.027888
0 0.030478
0 0.030443
0 0.030797
0 0.030233
0 0.030637
0 0.030440
0 0.030362
0 0.030363
0 0.029901
0 0.030536
0 0.029010
0 0.028740
0 0.030371
0 0.030475
0 0.030625
0 0.030431
0 0.030641
0 0.029483
0 0.024281
0 0.026188
0 0.030887
0 0.030534
0 0.030734
0 0.031253
0 0.025446
0 0.023304
0 0.023247
0 0.023392
0 0.023260
0 0.023288
0 0.023342
0 0.023245
0 0.027868
0 0.030647
0 0.030705
0 0.030527
0 0.026307
0 0.028325
0 0.030666
0 0.030871
0 0.030966
0 0.030578
0 0.030815
0 0.030512
0 0.028674
0 0.028756
0 0.030595
0 0.030811
0 0.030883
0 0.030764
0 0.030675
0 0.030417
0 0.032214
0 0.023425
0 0.023614
0 0.030258
0 0.027062
0 0.030722
0 0.030767
0 0.030535
0 0.030685
0 0.027385
0 0.023678
0 0.023399
0 0.023378
0 0.023811
0 0.023417
0 0.023396
0 0.023500
0 0.023455
0 0.023554
0 0.023355
0 0.028295
0 0.030714
0 0.032871
0 0.030707
0 0.030627
0 0.031008
0 0.030764
0 0.030623
0 0.026852
0 0.030771
0 0.030681
0 0.030931
0 0.030878
0 0.030797
0 0.024613
0 0.028377
0 0.029647
0 0.031115
0 0.026572
0 0.023371
0 0.023393
0 0.023532
0 0.023378
