0 0.023267
0 0.023303
0 0.023306
0 0.023358
0 0.023361
0 0.023387
0 0.023403
0 0.023416
0 0.023420
0 0.023425
0 0.023435
0 0.023436
0 0.023439
0 0.023442
0 0.023453
0 0.023499
0 0.023511
0 0.023521
0 0.023543
0 0.023627
0 0.023663
0 0.023715
0 0.023807
0 0.024282
0 0.024345
0 0.024551
0 0.024615
0 0.024717
0 0.025094
0 0.025268
0 0.025346
0 0.025448
0 0.025487
0 0.025707
0 0.025755
0 0.025818
0 0.025926
0 0.026027
0 0.026344
0 0.026376
0 0.026598
0 0.026655
0 0.026868
0 0.026915
0 0.026918
0 0.026923
0 0.026928
0 0.026991
0 0.026992
0 0.026994
0 0.027002
0 0.027019
0 0.027028
0 0.027031
0 0.027034
0 0.027058
0 0.027066
0 0.027067
0 0.027085
0 0.027100
0 0.027103
0 0.027114
0 0.027119
0 0.027123
0 0.027126
0 0.027127
0 0.027132
0 0.027150
0 0.027175
0 0.027182
0 0.027207
0 0.027211
0 0.027220
0 0.027244
0 0.027252
0 0.027252
0 0.027271
0 0.027279
0 0.027292
0 0.027303
0 0.027304
0 0.027304
0 0.027305
0 0.027306
0 0.027307
0 0.027320
0 0.027328
0 0.027352
0 0.027354
0 0.027361
0 0.027380
0 0.027381
0 0.027384
0 0.027415
0 0.027429
0 0.027431
0 0.027431
0 0.027444
0 0.027463
0 0.027482
0 0.027482
0 0.027487
0 0.027498
0 0.027506
0 0.027520
0 0.027521
0 0.027521
0 0.027540
0 0.027542
0 0.027543
0 0.027544
0 0.027548
0 0.027551
0 0.027567
0 0.027578
0 0.027581
0 0.027589
0 0.027589
0 0.027590
0 0.027610
0 0.027618
0 0.027627
0 0.027631
0 0.027657
0 0.027677
0 0.027721
0 0.027725
0 0.027725
0 0.027734
0 0.027776
0 0.027807
0 0.027818
0 0.027829
0 0.027836
0 0.027845
0 0.027854
0 0.027855
0 0.027867
0 0.027867
0 0.027878
0 0.027965
0 0.027972
0 0.027980
0 0.028016
0 0.028041
0 0.028043
0 0.028048
0 0.028058
0 0.028071
0 0.028109
0 0.028146
0 0.028151
0 0.028158
0 0.028158
0 0.028174
0 0.028206
0 0.028208
0 0.028413
0 0.028424
0 0.028458
0 0.028490
0 0.028494
0 0.028511
0 0.028549
0 0.028564
0 0.028567
0 0.028574
0 0.028594
0 0.028767
0 0.028795
0 0.028836
0 0.028838
0 0.028843
0 0.028853
0 0.028895
0 0.028972
0 0.029009
0 0.029048
0 0.029119
0 0.029183
0 0.029202
0 0.029206
0 0.029259
0 0.029698
0 0.029728
0 0.029782
0 0.029789
0 0.029923
0 0.030192
0 0.031186
0 0.031195
0 0.031202
0 0.031206
0 0.031227
0 0.031290
0 0.031392
0 0.031471
0 0.031477
0 0.031494
0 0.031498
0 0.031706
0 0.031735
0 0.031873
0 0.031951
0 0.031956
0 0.032093
0 0.032102
0 0.032125
0 0.032134
0 0.032162
0 0.032172
0 0.032187
0 0.032226
0 0.032237
0 0.032256
0 0.032272
0 0.032343
0 0.032411
0 0.032425
0 0.032431
0 0.032441
0 0.032661
0 0.032751
0 0.032752
0 0.032930
0 0.032984
0 0.033865
0 0.034153
0 0.034236
0 0.034461
0 0.034501
0 0.034565
0 0.034617
0 0.034655
0 0.035106
0 0.035150
0 0.035316
0 0.035401
0 0.035405
0 0.035775
0 0.036070
0 0.036088
0 0.036302
0 0.037425
0 0.038209
0 0.038210
0 0.038363
0 0.038419
0 0.038525
0 0.038710
0 0.038756
0 0.038825
0 0.038832
0 0.038969
0 0.039028
0 0.039358
0 0.039433
0 0.039568
0 0.039752
0 0.039774
0 0.039814
0 0.040110
0 0.040268
0 0.040724
0 0.041122
0 0.041123
0 0.041151
0 0.041304
0 0.041627
0 0.041938
0 0.042046
0 0.042257
0 0.042318
0 0.042414
0 0.046214
0 0.046925
0 0.048816
0 0.049184
0 0.049379
0 0.049612
0 0.049646
0 0.054623
1 0.023263
1 0.023309
1 0.023313
1 0.023325
1 0.023329
1 0.023343
1 0.023398
1 0.023403
1 0.023413
1 0.023416
1 0.023418
1 0.023420
1 0.023422
1 0.023424
1 0.023424
1 0.023433
1 0.023438
1 0.023440
1 0.023442
1 0.023447
1 0.023457
1 0.023471
1 0.023481
1 0.023491
1 0.023502
1 0.023509
1 0.023509
1 0.023511
1 0.023526
1 0.023557
1 0.023564
1 0.023578
1 0.023633
1 0.023639
1 0.023641
1 0.023645
1 0.023668
1 0.023690
1 0.023691
1 0.023848
1 0.023940
1 0.023963
1 0.024041
1 0.024206
1 0.024459
1 0.024887
1 0.025313
1 0.025460
1 0.025516
1 0.025665
1 0.025669
1 0.025854
1 0.025954
1 0.026041
1 0.026115
1 0.026255
1 0.026362
1 0.026386
1 0.026400
1 0.026531
1 0.026843
1 0.026892
1 0.026940
1 0.027019
1 0.027035
1 0.027095
1 0.027117
1 0.027118
1 0.027136
1 0.027158
1 0.027244
1 0.027248
1 0.027249
1 0.027265
1 0.027309
1 0.027315
1 0.027343
1 0.027396
1 0.027411
1 0.027439
1 0.027480
1 0.027545
1 0.027581
1 0.027635
1 0.027706
1 0.027765
1 0.027845
1 0.027877
1 0.027890
1 0.027895
1 0.027923
1 0.027943
1 0.027973
1 0.027979
1 0.027996
1 0.028131
1 0.028257
1 0.028276
1 0.028322
1 0.028466
1 0.028499
1 0.028581
1 0.028668
1 0.028725
1 0.028758
1 0.028800
1 0.028810
1 0.028862
1 0.028975
1 0.029104
1 0.029108
1 0.029180
1 0.029430
1 0.029834
1 0.030256
1 0.030367
1 0.030773
1 0.030959
1 0.031181
1 0.031227
1 0.031291
1 0.031296
1 0.031369
1 0.031446
1 0.031678
1 0.031813
1 0.032004
1 0.032069
1 0.032294
1 0.032421
1 0.032445
1 0.032512
1 0.032765
1 0.033012
1 0.033051
1 0.033306
1 0.033421
1 0.033451
1 0.033586
1 0.033593
1 0.033774
1 0.033834
1 0.034181
1 0.034183
1 0.034249
1 0.034857
1 0.035847
1 0.035863
1 0.035960
1 0.036255
1 0.036957
1 0.037352
1 0.037676
1 0.037768
1 0.038531
1 0.038556
1 0.038625
1 0.039040
1 0.039060
1 0.039231
1 0.039247
1 0.039279
1 0.039281
1 0.039479
1 0.039599
1 0.039651
1 0.039666
1 0.039749
1 0.039855
1 0.039863
1 0.039930
1 0.039947
1 0.039950
1 0.040025
1 0.040052
1 0.040087
1 0.040148
1 0.040155
1 0.040159
1 0.040192
1 0.040198
1 0.040211
1 0.040310
1 0.040352
1 0.040378
1 0.040423
1 0.040425
1 0.040443
1 0.040463
1 0.040465
1 0.040498
1 0.040504
1 0.040510
1 0.040542
1 0.040561
1 0.040603
1 0.040662
1 0.040725
1 0.040839
1 0.040857
1 0.040882
1 0.040911
1 0.040934
1 0.040996
1 0.041029
1 0.041135
1 0.041196
1 0.041231
1 0.041279
1 0.041375
1 0.041552
1 0.041556
1 0.041604
1 0.041625
1 0.041673
1 0.041687
1 0.041788
1 0.041999
1 0.042020
1 0.042027
1 0.042450
1 0.042540
1 0.042608
1 0.042698
1 0.044424
1 0.045001
1 0.045084
1 0.045405
1 0.046868
1 0.047105
1 0.048232
1 0.048721
1 0.048764
1 0.048788
1 0.048842
1 0.048869
1 0.048870
1 0.048874
1 0.049073
1 0.049246
1 0.049363
1 0.049395
1 0.049441
1 0.049913
1 0.050163
1 0.050238
1 0.050383
1 0.050749
1 0.050796
1 0.050956
1 0.051436
1 0.052491
2 1.127278
2 1.167312
2 1.478895
2 1.868616
2 2.125741
