
0, 0.023278
0, 0.023313
0, 0.023400
0, 0.023418
0, 0.023442
0, 0.023478
0, 0.023514
0, 0.023946
0, 0.023948
0, 0.024362
0, 0.024466
0, 0.024512
0, 0.024543
0, 0.024577
0, 0.024633
0, 0.024661
0, 0.024792
0, 0.025702
0, 0.026056
0, 0.026485
0, 0.026666
0, 0.026713
0, 0.026730
0, 0.026736
0, 0.026861
0, 0.026944
0, 0.027031
0, 0.027051
0, 0.027099
0, 0.027126
0, 0.027207
0, 0.027212
0, 0.027262
0, 0.027362
0, 0.027391
0, 0.027396
0, 0.027397
0, 0.027466
0, 0.027628
0, 0.027692
0, 0.027759
0, 0.027851
0, 0.027853
0, 0.027868
0, 0.027898
0, 0.027930
0, 0.027931
0, 0.027935
0, 0.027948
0, 0.027963
0, 0.027965
0, 0.027970
0, 0.027975
0, 0.027975
0, 0.027981
0, 0.027984
0, 0.027989
0, 0.027991
0, 0.027992
0, 0.027992
0, 0.028020
0, 0.028062
0, 0.028099
0, 0.028099
0, 0.028124
0, 0.028147
0, 0.028166
0, 0.028198
0, 0.028199
0, 0.028236
0, 0.028242
0, 0.028285
0, 0.028286
0, 0.028347
0, 0.028373
0, 0.028429
0, 0.028435
0, 0.028588
0, 0.028608
0, 0.028610
0, 0.028651
0, 0.028664
0, 0.028668
0, 0.028693
0, 0.028700
0, 0.028717
0, 0.028720
0, 0.028770
0, 0.028815
0, 0.028826
0, 0.028829
0, 0.028849
0, 0.028861
0, 0.028892
0, 0.028941
0, 0.028942
0, 0.028943
0, 0.028949
0, 0.028966
0, 0.028972
0, 0.028979
0, 0.028983
0, 0.028984
0, 0.029026
0, 0.029043
0, 0.029045
0, 0.029049
0, 0.029068
0, 0.029077
0, 0.029100
0, 0.029109
0, 0.029130
0, 0.029160
0, 0.029168
0, 0.029171
0, 0.029173
0, 0.029182
0, 0.029233
0, 0.029250
0, 0.029259
0, 0.029272
0, 0.029282
0, 0.029302
0, 0.029321
0, 0.029327
0, 0.029337
0, 0.029432
0, 0.029436
0, 0.029486
0, 0.029516
0, 0.029518
0, 0.029520
0, 0.029573
0, 0.029590
0, 0.029602
0, 0.029634
0, 0.029661
0, 0.029719
0, 0.029896
0, 0.030136
0, 0.030303
0, 0.030435
0, 0.030558
0, 0.031415
0, 0.031504
0, 0.031653
0, 0.031695
0, 0.031905
0, 0.032042
0, 0.032060
0, 0.032085
0, 0.032124
0, 0.032331
0, 0.032569
0, 0.032583
0, 0.032625
0, 0.032847
0, 0.033030
0, 0.033076
0, 0.033313
0, 0.033420
0, 0.033469
0, 0.033897
0, 0.033908
0, 0.033987
0, 0.034022
0, 0.034025
0, 0.034050
0, 0.034130
0, 0.034242
0, 0.034245
0, 0.034317
0, 0.034445
0, 0.034493
0, 0.034652
0, 0.034675
0, 0.034701
0, 0.034775
0, 0.034790
0, 0.034819
0, 0.034858
0, 0.034866
0, 0.034878
0, 0.034890
0, 0.034907
0, 0.034915
0, 0.034977
0, 0.035061
0, 0.035145
0, 0.035173
0, 0.035182
0, 0.035266
0, 0.035270
0, 0.035284
0, 0.035290
0, 0.035304
0, 0.035309
0, 0.035324
0, 0.035325
0, 0.035348
0, 0.035350
0, 0.035355
0, 0.035378
0, 0.035390
0, 0.035404
0, 0.035412
0, 0.035420
0, 0.035427
0, 0.035435
0, 0.035436
0, 0.035449
0, 0.035471
0, 0.035471
0, 0.035472
0, 0.035494
0, 0.035517
0, 0.035521
0, 0.035528
0, 0.035538
0, 0.035547
0, 0.035549
0, 0.035549
0, 0.035576
0, 0.035577
0, 0.035590
0, 0.035591
0, 0.035591
0, 0.035597
0, 0.035598
0, 0.035622
0, 0.035624
0, 0.035634
0, 0.035639
0, 0.035649
0, 0.035655
0, 0.035668
0, 0.035672
0, 0.035673
0, 0.035674
0, 0.035681
0, 0.035700
0, 0.035700
0, 0.035702
0, 0.035702
0, 0.035712
0, 0.035731
0, 0.035732
0, 0.035732
0, 0.035733
0, 0.035761
0, 0.035764
0, 0.035764
0, 0.035765
0, 0.035766
0, 0.035766
0, 0.035767
0, 0.035767
0, 0.035770
0, 0.035779
0, 0.035795
0, 0.035799
0, 0.035807
0, 0.035824
0, 0.035843
0, 0.035875
0, 0.035880
0, 0.035882
0, 0.035890
0, 0.035899
0, 0.035908
0, 0.035920
0, 0.035938
0, 0.035949
0, 0.035951
0, 0.035982
0, 0.036009
0, 0.036018
0, 0.036026
0, 0.036056
0, 0.036060
0, 0.036071
0, 0.036088
0, 0.036119
0, 0.036146
0, 0.036161
0, 0.036167
0, 0.036232
0, 0.036312
0, 0.036334
0, 0.036375
0, 0.036452
0, 0.036490
0, 0.036530
0, 0.036532
0, 0.036609
0, 0.036685
0, 0.036711
0, 0.036822
0, 0.036857
0, 0.036897
0, 0.036897
0, 0.036898
0, 0.036919
0, 0.036989
0, 0.037005
0, 0.037193
0, 0.037290
0, 0.037326
0, 0.037442
0, 0.037459
0, 0.037459
0, 0.037573
0, 0.038251
0, 0.038489
0, 0.038930
0, 0.038974
0, 0.039153
0, 0.039675
0, 0.039725
0, 0.039774
0, 0.040097
0, 0.040111
0, 0.040629
0, 0.041634
0, 0.045583
0, 0.048525
0, 0.048869
0, 0.051298
0, 0.057098
0, 0.058884
0, 0.060519
1, 0.023253
1, 0.023325
1, 0.023337
1, 0.023339
1, 0.023347
1, 0.023350
1, 0.023357
1, 0.023363
1, 0.023365
1, 0.023365
1, 0.023372
1, 0.023376
1, 0.023380
1, 0.023382
1, 0.023382
1, 0.023384
1, 0.023386
1, 0.023390
1, 0.023413
1, 0.023420
1, 0.023421
1, 0.023421
1, 0.023423
1, 0.023435
1, 0.023437
1, 0.023440
1, 0.023447
1, 0.023451
1, 0.023452
1, 0.023453
1, 0.023454
1, 0.023456
1, 0.023458
1, 0.023460
1, 0.023463
1, 0.023470
1, 0.023471
1, 0.023480
1, 0.023482
1, 0.023485
1, 0.023487
1, 0.023493
1, 0.023503
1, 0.023505
1, 0.023512
1, 0.023513
1, 0.023527
1, 0.023558
1, 0.023576
1, 0.023764
1, 0.023883
1, 0.023956
1, 0.023999
1, 0.024225
1, 0.024470
1, 0.024646
1, 0.024671
1, 0.024675
1, 0.024812
1, 0.025365
1, 0.025390
1, 0.026000
1, 0.026109
1, 0.026197
1, 0.026237
1, 0.026304
1, 0.026312
1, 0.026344
1, 0.026396
1, 0.026474
1, 0.026496
1, 0.026517
1, 0.026527
1, 0.026792
1, 0.026936
1, 0.026946
1, 0.027015
1, 0.027054
1, 0.027121
1, 0.027145
1, 0.027192
1, 0.027331
1, 0.027371
1, 0.027392
1, 0.027399
1, 0.027450
1, 0.027456
1, 0.027485
1, 0.027582
1, 0.027610
1, 0.027623
1, 0.027695
1, 0.027792
1, 0.027907
1, 0.027979
1, 0.028037
1, 0.028151
1, 0.028242
1, 0.028250
1, 0.028275
1, 0.028284
1, 0.028299
1, 0.028372
1, 0.028386
1, 0.028397
1, 0.028400
1, 0.028403
1, 0.028446
1, 0.028447
1, 0.028448
1, 0.028449
1, 0.028455
1, 0.028457
1, 0.028462
1, 0.028462
1, 0.028469
1, 0.028471
1, 0.028497
1, 0.028498
1, 0.028510
1, 0.028510
1, 0.028515
1, 0.028519
1, 0.028523
1, 0.028525
1, 0.028533
1, 0.028548
1, 0.028556
1, 0.028556
1, 0.028559
1, 0.028567
1, 0.028593
1, 0.028597
1, 0.028597
1, 0.028609
1, 0.028619
1, 0.028622
1, 0.028625
1, 0.028630
1, 0.028630
1, 0.028631
1, 0.028633
1, 0.028644
1, 0.028650
1, 0.028650
1, 0.028652
1, 0.028655
1, 0.028655
1, 0.028658
1, 0.028658
1, 0.028666
1, 0.028668
1, 0.028669
1, 0.028670
1, 0.028677
1, 0.028684
1, 0.028686
1, 0.028690
1, 0.028694
1, 0.028696
1, 0.028697
1, 0.028703
1, 0.028709
1, 0.028713
1, 0.028715
1, 0.028715
1, 0.028719
1, 0.028722
1, 0.028733
1, 0.028746
1, 0.028747
1, 0.028750
1, 0.028750
1, 0.028764
1, 0.028773
1, 0.028794
1, 0.028800
1, 0.028811
1, 0.028812
1, 0.028813
1, 0.028814
1, 0.028820
1, 0.028825
1, 0.028826
1, 0.028838
1, 0.028846
1, 0.028848
1, 0.028849
1, 0.028863
1, 0.028866
1, 0.028874
1, 0.028882
1, 0.028893
1, 0.028895
1, 0.028896
1, 0.028898
1, 0.028899
1, 0.028905
1, 0.028915
1, 0.028926
1, 0.028936
1, 0.028936
1, 0.028941
1, 0.028945
1, 0.028947
1, 0.028956
1, 0.028958
1, 0.028967
1, 0.028971
1, 0.028973
1, 0.028978
1, 0.028986
1, 0.028996
1, 0.029003
1, 0.029005
1, 0.029011
1, 0.029022
1, 0.029026
1, 0.029027
1, 0.029028
1, 0.029028
1, 0.029029
1, 0.029045
1, 0.029046
1, 0.029049
1, 0.029062
1, 0.029068
1, 0.029073
1, 0.029079
1, 0.029089
1, 0.029094
1, 0.029106
1, 0.029114
1, 0.029125
1, 0.029126
1, 0.029137
1, 0.029138
1, 0.029153
1, 0.029161
1, 0.029184
1, 0.029192
1, 0.029201
1, 0.029223
1, 0.029264
1, 0.029269
1, 0.029274
1, 0.029286
1, 0.029298
1, 0.029305
1, 0.029332
1, 0.029414
1, 0.029417
1, 0.029422
1, 0.029442
1, 0.029541
1, 0.029563
1, 0.029598
1, 0.029606
1, 0.029650
1, 0.029739
1, 0.029745
1, 0.029811
1, 0.029829
1, 0.029859
1, 0.029959
1, 0.030025
1, 0.030085
1, 0.030238
1, 0.030447
1, 0.030857
1, 0.031156
1, 0.031347
1, 0.031569
1, 0.031576
1, 0.031732
1, 0.031865
1, 0.031897
1, 0.031942
1, 0.031981
1, 0.032011
1, 0.032252
1, 0.032263
1, 0.032285
1, 0.032320
1, 0.032402
1, 0.032577
1, 0.032625
1, 0.032680
1, 0.032701
1, 0.032811
1, 0.032861
1, 0.032999
1, 0.033067
1, 0.033143
1, 0.033228
1, 0.033357
1, 0.033482
1, 0.034017
1, 0.034241
1, 0.034291
1, 0.034342
1, 0.034360
1, 0.034561
1, 0.034608
1, 0.034690
1, 0.034811
1, 0.034924
1, 0.034993
1, 0.035336
1, 0.035345
1, 0.035347
1, 0.035366
1, 0.035393
1, 0.035399
1, 0.035563
1, 0.035590
1, 0.035642
1, 0.035651
1, 0.035717
1, 0.035779
1, 0.035835
1, 0.035876
1, 0.035879
1, 0.035886
1, 0.035886
1, 0.035896
1, 0.035935
1, 0.035991
1, 0.036022
1, 0.036065
1, 0.036122
1, 0.036179
1, 0.036216
1, 0.036284
1, 0.036306
1, 0.036317
1, 0.036363
1, 0.036524
1, 0.036536
1, 0.036575
1, 0.036638
1, 0.036684
1, 0.036883
1, 0.036967
1, 0.037147
1, 0.037306
1, 0.037550
1, 0.037730
1, 0.037793
1, 0.038082
1, 0.038455
1, 0.039482
1, 0.039528
1, 0.040070
1, 0.040717
1, 0.043030
1, 0.046195
1, 0.046842
1, 0.050734
1, 0.051418
1, 0.055029
1, 0.056071
1, 0.060574
1, 0.063312
2, 0.031552
2, 0.035018
2, 0.035018
2, 0.035200
2, 0.035289
2, 0.035324
2, 0.035508
2, 0.035568
2, 0.035622
2, 0.035864
2, 0.035921
2, 0.511624
2, 0.629904
2, 0.947211
2, 1.018324
2, 1.022221
2, 1.022718
2, 1.050766
2, 1.051645
2, 1.223403
2, 1.328266
