1 0.036634
1 0.023322
1 0.023901
1 0.023385
1 0.026872
1 0.030076
1 0.029608
1 0.029949
1 0.029812
1 0.030069
1 0.030415
1 0.025416
1 0.023270
1 0.023249
1 0.023428
1 0.023294
1 0.023391
1 0.023248
1 0.023354
1 0.023431
1 0.026778
1 0.029705
1 0.030079
1 0.030161
1 0.029973
1 0.029991
1 0.028608
1 0.029731
1 0.029894
1 0.030231
1 0.029827
1 0.029897
1 0.030134
1 0.025207
1 0.027913
1 0.029601
1 0.038018
1 0.025637
1 0.030063
1 0.049218
1 0.097037
1 0.132523
1 0.094943
1 0.035041
1 0.023457
1 0.024938
1 0.029849
1 0.029937
1 0.029325
1 0.029750
1 0.029470
1 0.028911
1 0.023235
1 0.023301
1 0.023222
1 0.025452
1 0.030457
1 0.030016
1 0.029808
1 0.028388
1 0.029740
1 0.029806
1 0.029869
1 0.029656
1 0.029345
1 0.029750
1 0.026980
1 0.029712
1 0.029430
1 0.029764
1 0.029483
1 0.029832
1 0.028581
1 0.023349
1 0.023423
1 0.023229
1 0.025206
1 0.023426
1 0.023291
1 0.023437
1 0.023264
1 0.025600
1 0.030076
1 0.030061
1 0.029929
1 0.029793
1 0.029855
1 0.029688
1 0.024297
1 0.029835
1 0.030390
1 0.029923
1 0.029978
1 0.029814
1 0.029154
1 0.029812
1 0.030375
1 0.030574
1 0.031366
1 0.029914
1 0.029864
1 0.026370
1 0.029007
1 0.029500
1 0.029883
1 0.029655
1 0.029798
1 0.029868
1 0.025705
1 0.023190
1 0.023462
1 0.023292
1 0.023378
1 0.023476
1 0.027681
1 0.030037
1 0.025368
1 0.026617
1 0.029735
1 0.031949
1 0.023797
1 0.030271
1 0.030227
1 0.025112
1 0.027126
1 0.030074
1 0.030059
1 0.029966
1 0.030243
1 0.029708
1 0.029780
1 0.029698
1 0.029167
1 0.023313
1 0.023296
1 0.023438
1 0.023353
1 0.023495
1 0.023419
1 0.023320
1 0.029157
1 0.033185
1 0.029650
1 0.030349
1 0.030150
1 0.030768
1 0.031486
1 0.031222
1 0.031738
1 0.038540
1 0.031145
1 0.030438
1 0.034481
1 0.026120
1 0.026356
1 0.026909
1 0.024063
1 0.026756
1 0.025507
1 0.028569
1 0.029187
1 0.025463
1 0.025570
1 0.023327
1 0.023292
1 0.023648
1 0.025380
1 0.027884
1 0.028875
1 0.028797
1 0.024511
1 0.029594
1 0.029843
1 0.025493
1 0.023315
1 0.023556
1 0.023837
1 0.024123
1 0.023531
1 0.024998
1 0.023396
1 0.023449
1 0.026212
1 0.024818
1 0.023300
1 0.025528
1 0.025124
1 0.027223
1 0.025745
1 0.026743
1 0.025083
1 0.024667
1 0.023957
1 0.023462
1 0.024615
1 0.027803
1 0.024508
1 0.029591
1 0.035361
1 0.037158
1 0.027119
1 0.024357
1 0.035709
1 0.029874
1 0.024133
1 0.024929
1 0.023696
1 0.029772
1 0.029652
1 0.027350
1 0.028922
1 0.028597
1 0.026714
1 0.028241
1 0.030509
1 0.029048
1 0.030047
1 0.029896
1 0.029697
1 0.029738
1 0.029402
1 0.030142
1 0.030080
1 0.029998
1 0.028205
1 0.023457
1 0.024025
1 0.024120
1 0.031314
1 0.034988
1 0.032923
1 0.025892
1 0.023679
1 0.025089
1 0.029772
1 0.029828
1 0.029826
1 0.029502
1 0.024985
1 0.026330
1 0.027326
1 0.026703
1 0.025293
1 0.026309
1 0.029677
1 0.026768
1 0.029871
1 0.023854
1 0.023450
1 0.023455
1 0.026122
1 0.024533
1 0.028610
1 0.023472
1 0.027426
1 0.023344
1 0.023365
1 0.027356
1 0.029756
1 0.034970
1 0.030303
1 0.034508
1 0.029948
1 0.036156
1 0.029311
1 0.027721
1 0.031508
1 0.034964
1 0.030160
1 0.035463
1 0.029999
1 0.030208
1 0.032024
1 0.027876
1 0.034125
1 0.030211
1 0.033896
1 0.036252
1 0.029931
1 0.027353
1 0.034262
1 0.028682
1 0.030004
1 0.030345
1 0.035078
1 0.029886
1 0.029935
1 0.040468
1 0.026526
1 0.024665
1 0.030237
1 0.029795
1 0.035846
1 0.029732
1 0.031999
1 0.033907
1 0.027401
1 0.032822
1 0.030180
1 0.029792
1 0.036112
1 0.029699
1 0.030241
1 0.030032
1 0.035050
1 0.030457
1 0.034061
1 0.030303
1 0.034563
1 0.030121
1 0.035789
1 0.030495
1 0.024927
1 0.029509
1 0.036797
1 0.031714
1 0.034939
1 0.031249
1 0.035490
1 0.031341
1 0.026067
1 0.027407
1 0.023963
1 0.027779
1 0.023912
1 0.029682
1 0.023863
1 0.024217
1 0.027612
1 0.023361
1 0.033379
1 0.029947
1 0.030496
1 0.034563
1 0.030121
1 0.038026
1 0.027117
1 0.026822
1 0.023335
1 0.023542
1 0.025012
1 0.031423
2 0.029406
2 0.323754
2 0.434297
2 0.459724
2 0.386247
2 0.450125
2 0.460290
2 0.486772
2 0.430402
2 0.419921
2 0.388091
2 0.504307
2 0.539423
2 0.547418
2 0.462330
2 0.583726
2 0.523339
2 0.427673
2 0.486552
2 0.400697
2 0.561762
2 0.332777
0 0.049686
0 0.023507
0 0.023403
0 0.028742
0 0.030192
0 0.029987
0 0.034792
0 0.029976
0 0.032333
0 0.033521
0 0.026413
0 0.025960
0 0.028952
0 0.023336
0 0.023470
0 0.023292
0 0.027021
0 0.023408
0 0.029663
0 0.029925
0 0.029028
0 0.032512
0 0.030210
0 0.033198
0 0.030376
0 0.032577
0 0.032652
0 0.032849
0 0.030257
0 0.032308
0 0.035090
0 0.023960
0 0.029905
0 0.033382
0 0.025663
0 0.026409
0 0.033829
0 0.026028
0 0.027150
0 0.029017
0 0.025143
0 0.024542
0 0.028790
0 0.032276
0 0.023878
0 0.027140
0 0.023588
0 0.028039
0 0.023944
0 0.040372
0 0.030477
0 0.023577
0 0.023354
0 0.033274
0 0.030195
0 0.034739
0 0.029863
0 0.029962
0 0.033325
0 0.023529
0 0.023338
0 0.027680
0 0.025212
0 0.033575
0 0.029899
0 0.034159
0 0.029698
0 0.034483
0 0.029964
0 0.029841
0 0.036687
0 0.029862
0 0.026982
0 0.030013
0 0.036390
0 0.029976
0 0.029883
0 0.033404
0 0.026652
0 0.026316
0 0.028403
0 0.023307
0 0.023445
0 0.025345
0 0.023335
0 0.026686
0 0.024331
0 0.035314
0 0.030173
0 0.032858
0 0.029969
0 0.033318
0 0.033320
0 0.026972
0 0.030056
0 0.035573
0 0.030177
0 0.035025
0 0.030132
0 0.028991
0 0.034853
0 0.030056
0 0.033774
0 0.030023
0 0.032956
0 0.025675
0 0.032618
0 0.032360
0 0.032509
0 0.032463
0 0.030320
0 0.031965
0 0.023323
0 0.024561
0 0.027134
0 0.023405
0 0.025317
0 0.029753
0 0.035289
0 0.024276
0 0.027986
0 0.032675
0 0.028257
0 0.032060
0 0.030652
0 0.028827
0 0.027060
0 0.034046
0 0.029979
0 0.034002
0 0.030360
0 0.033019
0 0.033571
0 0.030147
0 0.032712
0 0.023293
0 0.023269
0 0.027116
0 0.023285
0 0.023282
0 0.026605
0 0.025909
0 0.035546
0 0.028885
0 0.035682
0 0.030004
0 0.029856
0 0.036842
0 0.030389
0 0.030710
0 0.034125
0 0.026962
0 0.037927
0 0.024135
0 0.023667
0 0.049889
0 0.027919
0 0.052315
0 0.028769
0 0.038611
0 0.032805
0 0.028424
0 0.024148
0 0.023506
0 0.032902
0 0.035812
0 0.034265
0 0.029367
0 0.026218
0 0.036255
0 0.032000
0 0.028700
0 0.060975
0 0.030948
0 0.026386
0 0.027013
0 0.028611
0 0.027378
0 0.026550
0 0.046075
0 0.092886
0 0.066007
0 0.040626
0 0.057537
0 0.069530
0 0.060912
0 0.027845
0 0.025503
0 0.028446
0 0.029232
0 0.023848
0 0.029351
0 0.023766
0 0.030463
0 0.036466
0 0.030208
0 0.030748
0 0.034020
0 0.030483
0 0.037867
0 0.029555
0 0.029842
0 0.030066
0 0.032742
0 0.035014
0 0.029685
0 0.030042
0 0.038031
0 0.030932
0 0.039640
0 0.084132
0 0.065756
0 0.054677
0 0.032580
0 0.036206
0 0.032270
0 0.057674
0 0.064298
0 0.043980
0 0.051079
0 0.057799
0 0.049777
0 0.044103
0 0.040291
0 0.037861
0 0.024441
0 0.023403
0 0.023352
0 0.024403
0 0.029774
0 0.029845
0 0.030025
0 0.030166
0 0.029581
0 0.030124
0 0.029973
0 0.026766
0 0.029822
0 0.029510
0 0.030050
0 0.029795
0 0.030010
0 0.029638
0 0.032278
0 0.029181
0 0.027379
0 0.029922
0 0.030052
0 0.030307
0 0.030150
0 0.030021
0 0.029681
0 0.027539
0 0.025525
0 0.029550
0 0.029795
0 0.030330
0 0.029810
0 0.029771
0 0.029793
0 0.029995
0 0.029200
0 0.023310
0 0.029198
0 0.031855
0 0.030284
0 0.029799
0 0.029779
0 0.029813
0 0.030256
0 0.025205
0 0.029237
0 0.030062
0 0.028832
0 0.029725
0 0.029448
0 0.030153
0 0.029780
0 0.029747
0 0.029966
0 0.029977
0 0.030063
0 0.030164
0 0.029994
0 0.031858
0 0.029947
0 0.030172
0 0.023287
0 0.030003
0 0.030470
0 0.031448
0 0.030219
0 0.030063
0 0.030332
0 0.030437
0 0.026808
0 0.023436
0 0.023465
0 0.023269
0 0.023460
0 0.023377
0 0.023332
0 0.023410
0 0.023282
0 0.026122
0 0.023483
0 0.025806
0 0.029755
0 0.030262
0 0.030191
0 0.029907
0 0.029906
0 0.030486
0 0.026592
0 0.026901
0 0.023314
0 0.023467
0 0.023633
0 0.027976
