1 0.043216
1 0.037474
1 0.055446
1 0.042519
1 0.023331
1 0.023308
1 0.026917
1 0.030323
1 0.030313
1 0.030281
1 0.030726
1 0.028009
1 0.030633
1 0.031796
1 0.025069
1 0.025959
1 0.030386
1 0.030385
1 0.032296
1 0.030306
1 0.030570
1 0.030332
1 0.029215
1 0.030118
1 0.030337
1 0.030081
1 0.030269
1 0.030337
1 0.030522
1 0.030215
1 0.030055
1 0.025511
1 0.029623
1 0.030386
1 0.029255
1 0.024766
1 0.023459
1 0.023397
1 0.023883
1 0.025051
1 0.023363
1 0.025749
1 0.031317
1 0.064316
1 0.068551
1 0.044179
1 0.023449
1 0.023555
1 0.023290
1 0.023347
1 0.023354
1 0.023378
1 0.023322
1 0.025340
1 0.030145
1 0.030139
1 0.023313
1 0.027721
1 0.030120
1 0.031186
1 0.030534
1 0.030493
1 0.030511
1 0.030421
1 0.026801
1 0.030224
1 0.030426
1 0.030313
1 0.030129
1 0.030469
1 0.030265
1 0.030023
1 0.029508
1 0.030216
1 0.029932
1 0.030534
1 0.030457
1 0.030864
1 0.031100
1 0.030513
1 0.029458
1 0.028288
1 0.030452
1 0.030675
1 0.030370
1 0.030565
1 0.030416
1 0.030627
1 0.030229
1 0.027625
1 0.030872
1 0.030313
1 0.030547
1 0.030476
1 0.030070
1 0.030198
1 0.030533
1 0.025707
1 0.028789
1 0.029304
1 0.030510
1 0.030236
1 0.030745
1 0.030311
1 0.030342
1 0.028422
1 0.026128
1 0.030185
1 0.030269
1 0.028618
1 0.030113
1 0.030358
1 0.030481
1 0.030556
1 0.030339
1 0.027801
1 0.029783
1 0.030378
1 0.030645
1 0.029480
1 0.030377
1 0.030677
1 0.028459
1 0.030392
1 0.030503
1 0.030450
1 0.030453
1 0.030466
1 0.030355
1 0.023462
1 0.023303
1 0.023286
1 0.023262
1 0.023335
1 0.023284
1 0.023272
1 0.023261
1 0.023404
1 0.028917
1 0.030510
1 0.030113
1 0.028148
1 0.029786
1 0.030419
1 0.028021
1 0.030204
1 0.030336
1 0.030615
1 0.030738
1 0.030394
1 0.030219
1 0.030069
1 0.025217
1 0.026484
1 0.029956
1 0.029504
1 0.026745
1 0.029966
1 0.023876
1 0.030397
1 0.030311
1 0.030237
1 0.027766
1 0.026726
1 0.030458
1 0.023372
1 0.023233
1 0.023296
1 0.023279
1 0.023313
1 0.023264
1 0.023294
1 0.023235
1 0.023709
1 0.030367
1 0.030252
1 0.030231
1 0.030404
1 0.030380
1 0.030425
1 0.025273
1 0.023431
1 0.030055
1 0.030513
1 0.030158
1 0.025421
1 0.030331
1 0.026230
1 0.029856
1 0.030330
1 0.030795
1 0.030015
1 0.030070
1 0.030126
1 0.027041
1 0.030208
1 0.030129
1 0.030331
1 0.030301
1 0.030221
1 0.029777
1 0.023245
1 0.023239
1 0.023282
1 0.023341
1 0.023266
1 0.024944
1 0.030248
1 0.028735
1 0.029546
1 0.030321
1 0.030344
1 0.030297
1 0.030196
1 0.030159
1 0.030046
1 0.030343
1 0.030258
1 0.030086
1 0.030351
1 0.030093
1 0.030147
1 0.029843
1 0.030348
1 0.030404
1 0.029808
1 0.030802
1 0.023464
1 0.028398
1 0.029935
1 0.030230
1 0.030158
1 0.030551
1 0.029999
1 0.030261
1 0.027331
1 0.028020
1 0.030214
1 0.030357
1 0.030132
1 0.029379
1 0.030426
1 0.025387
1 0.023393
1 0.029935
1 0.030254
1 0.030227
1 0.030446
1 0.030211
1 0.027390
1 0.029445
1 0.028180
1 0.027362
1 0.029530
1 0.027694
1 0.025557
1 0.026281
1 0.030028
1 0.030285
1 0.029761
1 0.030193
2 0.023407
2 0.023372
2 0.027325
2 0.023251
2 0.023374
2 0.023207
2 0.023307
2 0.056193
2 0.110969
2 0.112056
2 0.120911
2 0.120484
2 0.122884
2 0.120589
2 0.126186
2 0.180363
2 0.209915
2 0.108265
2 0.082730
2 0.122482
2 0.124270
2 0.134191
2 0.120993
2 0.098917
2 0.135573
2 0.113042
2 0.134960
2 0.114899
2 0.127507
2 0.115396
2 0.120459
2 0.126360
2 0.120644
2 0.112098
2 0.130345
2 0.128323
2 0.112906
2 0.117070
2 0.090877
2 0.091735
2 0.120130
2 0.121224
2 0.129544
2 0.118184
2 0.103070
2 0.111536
2 0.119762
2 0.087764
2 0.098802
2 0.132488
2 0.108368
2 0.126429
2 0.095248
2 0.128149
2 0.133820
2 0.096780
2 0.100731
2 0.127369
2 0.127395
2 0.117693
2 0.122975
2 0.103923
2 0.129642
2 0.124166
2 0.110261
2 0.114315
2 0.117008
2 0.123819
2 0.102463
2 0.120179
0 0.046277
0 0.058420
0 0.048216
0 0.032233
0 0.030443
0 0.034255
0 0.041078
0 0.035150
0 0.050041
0 0.037518
0 0.039994
0 0.039868
0 0.024351
0 0.040053
0 0.040104
0 0.039671
0 0.040237
0 0.040227
0 0.038792
0 0.037390
0 0.039931
0 0.040109
0 0.040541
0 0.039882
0 0.037582
0 0.046053
0 0.039908
0 0.035679
0 0.053278
0 0.049592
0 0.104477
0 0.044266
0 0.053429
0 0.052669
0 0.033291
0 0.027054
0 0.032772
0 0.028879
0 0.033277
0 0.028994
0 0.040112
0 0.036602
0 0.035383
0 0.040002
0 0.041594
0 0.041893
0 0.040035
0 0.039463
0 0.027041
0 0.049740
0 0.035108
0 0.035143
0 0.040524
0 0.041847
0 0.043680
0 0.039712
0 0.039087
0 0.041651
0 0.037978
0 0.042233
0 0.033334
0 0.040046
0 0.041278
0 0.044312
0 0.037627
0 0.044745
0 0.035148
0 0.037568
0 0.040873
0 0.037669
0 0.037966
0 0.042113
0 0.037437
0 0.035017
0 0.042231
0 0.037584
0 0.040588
0 0.041146
0 0.038502
0 0.032852
0 0.042361
0 0.039376
0 0.035792
0 0.041207
0 0.040506
0 0.042076
0 0.039187
0 0.034529
0 0.038955
0 0.043504
0 0.041871
0 0.039693
0 0.036427
0 0.036589
0 0.043994
0 0.043525
0 0.034213
0 0.035730
0 0.029244
0 0.031383
0 0.030824
0 0.028862
0 0.032146
0 0.033692
0 0.037294
0 0.044252
0 0.038316
0 0.041931
0 0.033375
0 0.042348
0 0.043234
0 0.036401
0 0.039682
0 0.040312
0 0.038803
0 0.034638
0 0.039338
0 0.039137
0 0.032274
0 0.037159
0 0.041928
0 0.040815
0 0.032290
0 0.041072
0 0.032855
0 0.031786
0 0.027710
0 0.034350
0 0.030626
0 0.029692
0 0.033425
0 0.040356
0 0.038831
0 0.040029
0 0.038133
0 0.038212
0 0.029524
0 0.038508
0 0.043136
0 0.038970
0 0.037983
0 0.037131
0 0.044378
0 0.038357
0 0.035921
0 0.042364
0 0.040293
0 0.038255
0 0.040595
0 0.039576
0 0.040414
0 0.035393
0 0.023317
0 0.034916
0 0.028158
0 0.035667
0 0.044333
0 0.034002
0 0.041911
0 0.039054
0 0.037234
0 0.041592
0 0.042744
0 0.041691
0 0.039091
0 0.041011
0 0.038641
0 0.041587
0 0.040328
0 0.036276
0 0.039394
0 0.034067
0 0.039938
0 0.038743
0 0.042107
0 0.038793
0 0.044215
0 0.024685
0 0.047742
0 0.039269
0 0.039614
0 0.041267
0 0.033784
0 0.030876
0 0.041664
0 0.038026
0 0.039489
0 0.040968
0 0.035777
0 0.032990
0 0.046479
0 0.027529
0 0.037963
0 0.036168
0 0.039077
0 0.045113
