0 0.023338
0 0.023353
0 0.023363
0 0.023370
0 0.023380
0 0.023388
0 0.023398
0 0.023403
0 0.023403
0 0.023414
0 0.023418
0 0.023422
0 0.023430
0 0.023432
0 0.023440
0 0.023451
0 0.023470
0 0.023478
0 0.023484
0 0.023514
0 0.023606
0 0.023773
0 0.024252
0 0.024276
0 0.024422
0 0.024428
0 0.024432
0 0.024485
0 0.024681
0 0.024915
0 0.025172
0 0.025265
0 0.025299
0 0.025328
0 0.025340
0 0.025458
0 0.025754
0 0.025781
0 0.026049
0 0.026051
0 0.026057
0 0.026101
0 0.026122
0 0.026215
0 0.026331
0 0.026345
0 0.026346
0 0.026381
0 0.026386
0 0.026490
0 0.026506
0 0.026514
0 0.026529
0 0.026533
0 0.026533
0 0.026554
0 0.026561
0 0.026567
0 0.026570
0 0.026584
0 0.026616
0 0.026619
0 0.026621
0 0.026627
0 0.026631
0 0.026634
0 0.026640
0 0.026648
0 0.026677
0 0.026720
0 0.026723
0 0.026733
0 0.026739
0 0.026744
0 0.026755
0 0.026760
0 0.026762
0 0.026763
0 0.026764
0 0.026772
0 0.026781
0 0.026787
0 0.026793
0 0.026836
0 0.026866
0 0.026871
0 0.026881
0 0.026885
0 0.026914
0 0.026935
0 0.026956
0 0.026960
0 0.026973
0 0.026993
0 0.027001
0 0.027003
0 0.027008
0 0.027015
0 0.027022
0 0.027025
0 0.027031
0 0.027041
0 0.027049
0 0.027092
0 0.027105
0 0.027110
0 0.027113
0 0.027122
0 0.027123
0 0.027147
0 0.027173
0 0.027184
0 0.027194
0 0.027196
0 0.027200
0 0.027204
0 0.027262
0 0.027292
0 0.027313
0 0.027339
0 0.027343
0 0.027355
0 0.027362
0 0.027409
0 0.027413
0 0.027444
0 0.027508
0 0.027526
0 0.027571
0 0.027606
0 0.027666
0 0.027700
0 0.027706
0 0.027721
0 0.027736
0 0.027737
0 0.027758
0 0.027779
0 0.027779
0 0.027787
0 0.027806
0 0.027806
0 0.027828
0 0.027858
0 0.027884
0 0.027886
0 0.027890
0 0.027890
0 0.027935
0 0.027938
0 0.027941
0 0.027970
0 0.027979
0 0.028024
0 0.028042
0 0.028071
0 0.028072
0 0.028079
0 0.028099
0 0.028130
0 0.028160
0 0.028169
0 0.028182
0 0.028285
0 0.028288
0 0.028293
0 0.028310
0 0.028322
0 0.028340
0 0.028346
0 0.028380
0 0.028391
0 0.028447
0 0.028483
0 0.028514
0 0.028639
0 0.028643
0 0.028780
0 0.028795
0 0.029045
0 0.029109
0 0.029222
0 0.029230
0 0.029274
0 0.029395
0 0.029395
0 0.029861
0 0.029995
0 0.030481
0 0.031446
0 0.031676
0 0.032236
0 0.032248
0 0.032349
0 0.032389
0 0.032538
0 0.032624
0 0.032998
0 0.033026
0 0.033247
0 0.033295
0 0.033325
0 0.033345
0 0.033518
0 0.034111
0 0.034188
0 0.034672
0 0.034776
0 0.034784
0 0.035603
0 0.036193
0 0.036315
0 0.036332
0 0.036838
0 0.036871
0 0.037351
0 0.037897
0 0.038018
0 0.038018
0 0.038091
0 0.038667
0 0.039004
0 0.039223
0 0.039512
0 0.039587
0 0.039733
0 0.039832
0 0.040077
0 0.040213
0 0.040255
0 0.040388
0 0.040555
0 0.040757
0 0.040787
0 0.040855
0 0.041239
0 0.041348
0 0.041463
0 0.041544
0 0.041611
0 0.041626
0 0.041633
0 0.041636
0 0.041654
0 0.041701
0 0.041727
0 0.041828
0 0.041847
0 0.041860
0 0.041879
0 0.041893
0 0.042017
0 0.042021
0 0.042170
0 0.042172
0 0.042212
0 0.042270
0 0.042362
0 0.042436
0 0.042476
0 0.042622
0 0.042674
0 0.042712
0 0.042726
0 0.042734
0 0.042763
0 0.042823
0 0.043017
0 0.043035
0 0.043038
0 0.043061
0 0.043121
0 0.043188
0 0.043196
0 0.043205
0 0.043223
0 0.043243
0 0.043373
0 0.043403
0 0.043419
0 0.043491
0 0.043538
0 0.043542
0 0.043561
0 0.043577
0 0.043611
0 0.043655
0 0.043688
0 0.043867
0 0.043908
0 0.044575
0 0.044823
0 0.046077
0 0.046576
0 0.046936
0 0.048001
0 0.048545
0 0.048920
0 0.049141
0 0.049840
0 0.050210
0 0.050240
0 0.050689
0 0.051458
0 0.051576
0 0.051687
0 0.051734
0 0.051781
0 0.051817
0 0.051856
0 0.051950
0 0.051999
0 0.052073
0 0.052323
0 0.052496
0 0.052654
0 0.052933
0 0.053339
0 0.053805
0 0.054034
0 0.054351
0 0.054449
0 0.054978
0 0.056148
1 0.023284
1 0.023376
1 0.023376
1 0.023393
1 0.023396
1 0.023398
1 0.023412
1 0.023479
1 0.023479
1 0.023521
1 0.023534
1 0.023546
1 0.023557
1 0.023557
1 0.023561
1 0.023570
1 0.023580
1 0.023609
1 0.023696
1 0.023999
1 0.024096
1 0.024193
1 0.024216
1 0.024378
1 0.024646
1 0.024741
1 0.024937
1 0.025064
1 0.025067
1 0.025211
1 0.025356
1 0.025460
1 0.025804
1 0.025868
1 0.025946
1 0.026150
1 0.026167
1 0.026219
1 0.026222
1 0.026223
1 0.026237
1 0.026275
1 0.026354
1 0.026399
1 0.026466
1 0.026517
1 0.026542
1 0.026550
1 0.026602
1 0.026617
1 0.026618
1 0.026622
1 0.026623
1 0.026639
1 0.026644
1 0.026657
1 0.026660
1 0.026678
1 0.026686
1 0.026704
1 0.026705
1 0.026741
1 0.026746
1 0.026750
1 0.026784
1 0.026785
1 0.026800
1 0.026818
1 0.026821
1 0.026838
1 0.026841
1 0.026841
1 0.026844
1 0.026851
1 0.026863
1 0.026876
1 0.026879
1 0.026880
1 0.026881
1 0.026893
1 0.026900
1 0.026912
1 0.026927
1 0.026939
1 0.026950
1 0.026952
1 0.026970
1 0.026975
1 0.026980
1 0.026994
1 0.026996
1 0.026998
1 0.027032
1 0.027040
1 0.027047
1 0.027066
1 0.027069
1 0.027082
1 0.027082
1 0.027083
1 0.027085
1 0.027092
1 0.027115
1 0.027162
1 0.027164
1 0.027170
1 0.027178
1 0.027200
1 0.027235
1 0.027254
1 0.027258
1 0.027272
1 0.027283
1 0.027300
1 0.027302
1 0.027309
1 0.027326
1 0.027330
1 0.027346
1 0.027352
1 0.027382
1 0.027396
1 0.027413
1 0.027444
1 0.027464
1 0.027468
1 0.027474
1 0.027487
1 0.027491
1 0.027550
1 0.027565
1 0.027575
1 0.027656
1 0.027666
1 0.027670
1 0.027675
1 0.027676
1 0.027721
1 0.027726
1 0.027752
1 0.027768
1 0.027777
1 0.027779
1 0.027849
1 0.027852
1 0.027852
1 0.027862
1 0.027874
1 0.027891
1 0.027942
1 0.027945
1 0.027946
1 0.027956
1 0.027976
1 0.027982
1 0.028013
1 0.028022
1 0.028060
1 0.028077
1 0.028091
1 0.028093
1 0.028100
1 0.028101
1 0.028101
1 0.028133
1 0.028164
1 0.028174
1 0.028220
1 0.028221
1 0.028239
1 0.028264
1 0.028296
1 0.028304
1 0.028306
1 0.028360
1 0.028361
1 0.028387
1 0.028401
1 0.028462
1 0.028514
1 0.028539
1 0.028613
1 0.028662
1 0.028675
1 0.028724
1 0.028826
1 0.028936
1 0.028941
1 0.028996
1 0.029078
1 0.029284
1 0.029376
1 0.029380
1 0.029463
1 0.029505
1 0.029587
1 0.029878
1 0.029969
1 0.029997
1 0.030254
1 0.030538
1 0.030722
1 0.031209
1 0.032415
1 0.032429
1 0.032591
1 0.032927
1 0.033051
1 0.033166
1 0.033201
1 0.033292
1 0.033373
1 0.033404
1 0.033447
1 0.033557
1 0.033926
1 0.034094
1 0.034097
1 0.034806
1 0.034979
1 0.035002
1 0.035072
1 0.035570
1 0.035604
1 0.035616
1 0.035915
1 0.036338
1 0.036774
1 0.037646
1 0.037675
1 0.037909
1 0.038334
1 0.038446
1 0.038465
1 0.038520
1 0.039213
1 0.039224
1 0.039600
1 0.039666
1 0.039699
1 0.039853
1 0.040300
1 0.040478
1 0.040795
1 0.040865
1 0.041036
1 0.041081
1 0.041144
1 0.041231
1 0.041254
1 0.041457
1 0.041702
1 0.041711
1 0.041782
1 0.041974
1 0.042004
1 0.042053
1 0.042078
1 0.042094
1 0.042113
1 0.042127
1 0.042168
1 0.042213
1 0.042317
1 0.042400
1 0.042426
1 0.042482
1 0.042574
1 0.042615
1 0.042768
1 0.042870
1 0.042947
1 0.043030
1 0.043151
1 0.043172
1 0.043181
1 0.043262
1 0.043284
1 0.043311
1 0.043345
1 0.043464
1 0.043472
1 0.043484
1 0.043507
1 0.043521
1 0.043623
1 0.043626
1 0.043799
1 0.043857
1 0.043921
1 0.043952
1 0.043963
1 0.043991
1 0.044018
1 0.044207
1 0.045988
1 0.047281
1 0.047454
1 0.048571
1 0.048955
1 0.050586
1 0.050638
1 0.050752
1 0.050835
1 0.050872
1 0.051661
1 0.051682
1 0.051684
1 0.051783
1 0.051894
1 0.051930
1 0.052005
1 0.052032
1 0.052109
1 0.052111
1 0.052163
1 0.052188
1 0.052264
1 0.052367
1 0.052425
1 0.052463
1 0.052525
1 0.052565
1 0.052626
1 0.052633
1 0.052811
1 0.053019
1 0.053175
1 0.053304
2 0.465733
2 0.643025
2 0.905964
2 1.302451
2 1.360500
2 1.547773
2 1.896013
2 2.272960
