0 0.026526
0 0.032348
0 0.036778
0 0.029907
0 0.030152
0 0.029800
0 0.024436
0 0.026860
0 0.029557
0 0.037681
0 0.029832
0 0.029673
0 0.029696
0 0.029997
0 0.027751
0 0.030523
0 0.029732
0 0.029516
0 0.029836
0 0.030892
0 0.031051
0 0.030104
0 0.030011
0 0.029677
0 0.029791
0 0.029795
0 0.029996
0 0.029963
0 0.029181
0 0.029746
0 0.030330
0 0.023776
0 0.023255
0 0.023305
0 0.026660
0 0.023262
0 0.023276
0 0.023441
0 0.035390
0 0.078493
0 0.067660
0 0.033833
0 0.056381
0 0.027432
0 0.024763
0 0.029597
0 0.029892
0 0.028864
0 0.029926
0 0.029779
0 0.030045
0 0.029810
0 0.029785
0 0.026911
0 0.023245
0 0.023260
0 0.023255
0 0.023231
0 0.023300
0 0.025154
0 0.023412
0 0.023220
0 0.023315
0 0.027877
0 0.028630
0 0.029944
0 0.030119
0 0.030160
0 0.029955
0 0.030109
0 0.029234
0 0.030111
0 0.024547
0 0.030065
0 0.029900
0 0.029857
0 0.029901
0 0.029562
0 0.029747
0 0.030096
0 0.029672
0 0.027278
0 0.030636
0 0.029922
0 0.029835
0 0.030061
0 0.029527
0 0.029832
0 0.029567
0 0.023950
0 0.023250
0 0.023233
0 0.023349
0 0.023258
0 0.023232
0 0.023342
0 0.023216
0 0.023367
0 0.023316
0 0.023384
0 0.023382
0 0.027490
0 0.030100
0 0.031954
0 0.029717
0 0.029683
0 0.029954
0 0.031404
0 0.031414
0 0.030422
0 0.030658
0 0.029811
0 0.029980
0 0.029600
0 0.029469
0 0.023270
0 0.023299
0 0.023395
0 0.023348
0 0.023359
0 0.024312
0 0.023334
0 0.023462
0 0.023360
0 0.023391
0 0.025053
0 0.025936
0 0.030320
0 0.029073
0 0.025871
0 0.030162
0 0.030149
0 0.029963
0 0.029949
0 0.030195
0 0.028067
0 0.030048
0 0.030359
0 0.030175
0 0.029872
0 0.024605
0 0.029898
0 0.029624
0 0.030543
0 0.030468
0 0.030202
0 0.031293
0 0.029711
0 0.030378
0 0.029747
0 0.029791
0 0.030238
0 0.030442
0 0.029773
0 0.029978
0 0.029065
0 0.023352
0 0.027554
0 0.030198
0 0.030175
0 0.029958
0 0.029725
0 0.027482
0 0.023352
0 0.023383
0 0.023340
0 0.023348
0 0.024973
0 0.029573
0 0.030523
0 0.027776
0 0.030471
0 0.027143
0 0.029709
0 0.030422
0 0.029919
0 0.029918
0 0.025976
0 0.023484
0 0.023409
0 0.023420
0 0.028444
0 0.030211
0 0.029796
0 0.029445
0 0.030747
0 0.030017
0 0.030156
0 0.031357
0 0.023421
0 0.026561
0 0.027759
0 0.024749
0 0.029916
0 0.030046
0 0.030724
0 0.030200
0 0.030319
0 0.030109
0 0.030170
0 0.030236
0 0.030017
0 0.029860
0 0.030261
0 0.030454
0 0.029114
0 0.033278
0 0.030191
0 0.030027
0 0.027044
0 0.023384
0 0.023765
0 0.027055
0 0.030793
0 0.031370
0 0.031510
0 0.030310
0 0.031215
0 0.028454
0 0.030551
0 0.030380
0 0.032052
0 0.031852
0 0.032501
0 0.031943
0 0.025053
0 0.023718
0 0.023709
0 0.023982
0 0.024156
0 0.027461
0 0.024394
0 0.024825
0 0.024517
0 0.024594
0 0.024870
0 0.024384
0 0.024484
0 0.023865
0 0.023620
0 0.023946
0 0.027972
0 0.026655
0 0.024096
0 0.024012
0 0.025349
0 0.024050
0 0.023861
0 0.023633
0 0.023871
0 0.023595
0 0.024383
0 0.023920
0 0.023509
0 0.024171
0 0.027198
0 0.023521
0 0.023927
0 0.023347
0 0.023421
0 0.023307
0 0.023363
0 0.026437
0 0.029542
0 0.029891
0 0.029137
0 0.029771
0 0.029775
0 0.029724
0 0.029858
0 0.029690
0 0.030099
0 0.030176
0 0.029880
0 0.029669
0 0.030436
0 0.033124
0 0.029759
0 0.029030
0 0.030220
0 0.030101
0 0.029933
0 0.029972
0 0.029895
0 0.032744
0 0.033326
0 0.025020
0 0.029049
0 0.030662
0 0.030023
0 0.029974
0 0.029866
0 0.030009
0 0.029781
0 0.029048
0 0.030366
0 0.031827
0 0.030029
0 0.031145
0 0.030093
0 0.030019
0 0.030222
0 0.029598
0 0.027947
0 0.029846
0 0.029940
0 0.030038
0 0.029730
0 0.029573
0 0.030112
0 0.030090
0 0.026130
0 0.029979
0 0.029804
0 0.029716
0 0.030112
0 0.030548
0 0.031349
0 0.030028
0 0.026699
0 0.027542
0 0.029859
0 0.030031
0 0.029980
0 0.029855
0 0.029739
0 0.029486
0 0.030125
0 0.023881
0 0.023390
0 0.023230
0 0.023245
0 0.023369
0 0.023290
0 0.028407
0 0.029856
0 0.029799
0 0.027788
0 0.025269
0 0.025092
0 0.030022
0 0.030323
0 0.029738
0 0.030026
0 0.030248
0 0.029423
0 0.027078
0 0.030250
0 0.030194
0 0.030159
0 0.029934
0 0.029840
0 0.030034
0 0.029688
0 0.028207
0 0.027562
0 0.029799
0 0.029972
0 0.029958
0 0.031736
0 0.030027
0 0.026209
0 0.029782
0 0.025181
0 0.026427
0 0.029989
0 0.029844
0 0.029531
0 0.029979
0 0.029968
0 0.029522
0 0.028683
0 0.1 0.023257
1 0.029515
1 0.029001
1 0.030036
1 0.029559
1 0.030018
1 0.027187
1 0.023709
1 0.029801
1 0.029444
1 0.029778
1 0.029685
1 0.029853
1 0.029840
1 0.029539
1 0.027577
1 0.029813
1 0.037847
1 0.029692
1 0.029910
1 0.029958
1 0.029814
1 0.030045
1 0.029446
1 0.029666
1 0.036756
1 0.030107
1 0.029979
1 0.029810
1 0.029325
1 0.030172
1 0.025824
1 0.027243
1 0.023318
1 0.023751
1 0.023269
1 0.023218
1 0.027495
1 0.023328
1 0.023279
1 0.023264
1 0.023314
1 0.032411
1 0.033062
1 0.077901
1 0.061722
1 0.048089
1 0.029704
1 0.028961
1 0.030003
1 0.033942
1 0.029743
1 0.030085
1 0.030140
1 0.031468
1 0.023357
1 0.023380
1 0.023205
1 0.027205
1 0.023331
1 0.023420
1 0.023325
1 0.023184
1 0.027264
1 0.028132
1 0.030071
1 0.030043
1 0.031986
1 0.029946
1 0.030055
1 0.034968
1 0.030291
1 0.028097
1 0.026368
1 0.029959
1 0.034005
1 0.029746
1 0.030278
1 0.029590
1 0.033052
1 0.029701
1 0.025100
1 0.034333
1 0.030191
1 0.030595
1 0.030001
1 0.033348
1 0.029804
1 0.029575
1 0.028443
1 0.023304
1 0.023372
1 0.023286
1 0.023308
1 0.024471
1 0.023316
1 0.026612
1 0.023304
1 0.023325
1 0.025064
1 0.023528
1 0.032804
1 0.029934
1 0.030284
1 0.034043
1 0.030236
1 0.031777
1 0.032462
1 0.035158
1 0.031491
1 0.030589
1 0.030159
1 0.034192
1 0.029797
1 0.023236
1 0.023180
1 0.023277
1 0.027274
1 0.023282
1 0.023234
1 0.023273
1 0.027716
1 0.023270
1 0.023368
1 0.023500
1 0.027134
1 0.033572
1 0.026815
1 0.030182
1 0.030029
1 0.033557
1 0.029932
1 0.029579
1 0.029891
1 0.034260
1 0.029963
1 0.030083
1 0.029521
1 0.026939
1 0.027227
1 0.033233
1 0.030132
1 0.030557
1 0.029840
1 0.033594
1 0.029766
1 0.029779
1 0.029642
1 0.035441
1 0.030086
1 0.029820
1 0.029456
1 0.029723
1 0.032171
1 0.023292
1 0.027849
1 0.032833
1 0.030154
1 0.029578
1 0.035736
1 0.025425
1 0.023262
1 0.023395
1 0.023250
1 0.023248
1 0.024829
1 0.029757
1 0.035704
1 0.027660
1 0.029847
1 0.026246
1 0.029613
1 0.037782
1 0.029782
1 0.028485
1 0.023305
1 0.023264
1 0.023287
1 0.025390
1 0.029969
1 0.035102
1 0.029408
1 0.030248
1 0.030019
1 0.029754
1 0.029725
1 0.028522
1 0.024837
1 0.029186
1 0.023324
1 0.032932
1 0.033785
1 0.030209
1 0.030019
1 0.029743
1 0.035093
1 0.029997
1 0.029986
1 0.029575
1 0.029719
1 0.032958
1 0.029679
1 0.029431
1 0.038982
1 0.029814
1 0.029071
1 0.023479
1 0.023265
1 0.023523
1 0.028218
1 0.036662
1 0.030819
1 0.030498
1 0.030271
1 0.030121
1 0.028275
1 0.033693
1 0.029991
1 0.031751
1 0.037990
1 0.031799
1 0.028498
1 0.023278
1 0.023358
1 0.023265
1 0.023353
1 0.029232
1 0.024896
1 0.025077
1 0.025110
1 0.025204
1 0.028622
1 0.025153
1 0.024664
1 0.023334
1 0.025914
1 0.023318
1 0.026135
1 0.032382
1 0.023789
1 0.024246
1 0.026213
1 0.024389
1 0.023298
1 0.023347
1 0.028634
1 0.023982
1 0.023302
1 0.023333
1 0.024029
1 0.024064
1 0.032028
1 0.024488
1 0.023668
1 0.023362
1 0.023391
1 0.023357
1 0.025800
1 0.029933
1 0.035839
1 0.029358
1 0.030152
1 0.029883
1 0.029730
1 0.030066
1 0.031469
1 0.032897
1 0.030449
1 0.030151
1 0.033841
1 0.031216
1 0.030403
1 0.034333
1 0.030200
1 0.030508
1 0.030292
1 0.032043
1 0.032669
1 0.029923
1 0.035702
1 0.028524
1 0.024554
1 0.030368
1 0.031807
1 0.035197
1 0.030082
1 0.030297
1 0.029914
1 0.029983
1 0.035053
1 0.029448
1 0.030401
1 0.030106
1 0.030064
1 0.032223
1 0.030353
1 0.033004
1 0.027325
1 0.030190
1 0.033610
1 0.030199
1 0.029974
1 0.032269
1 0.030151
1 0.033525
1 0.025999
1 0.030342
1 0.033433
1 0.029830
1 0.030208
1 0.029705
1 0.033839
1 0.030408
1 0.024165
1 0.030067
1 0.032194
1 0.032616
1 0.030009
1 0.034558
1 0.031250
1 0.030143
1 0.025412
1 0.023454
1 0.023318
1 0.025445
1 0.023336
1 0.026360
1 0.028558
1 0.030029
1 0.032216
1 0.027383
1 0.029182
1 0.027074
1 0.030241
1 0.030711
1 0.030095
1 0.030538
1 0.032780
1 0.029603
1 0.031661
1 0.030283
1 0.030376
1 0.029860
1 0.035509
1 0.030016
1 0.030064
1 0.030209
1 0.025877
1 0.033192
1 0.030061
1 0.030389
1 0.032706
1 0.030114
1 0.026131
1 0.035170
1 0.024291
1 0.027110
1 0.030384
1 0.030008
1 0.035509
1 0.030306
1 0.030210
1 0.029799
1 0.026352
1 0.033154
1 0.030073
1 0.030026
1 0.029951
1 0.030510
1 0.031697
1 0.033186
1 0.024603
1 0.027037
1 0.023378
1 0.023426
1 0.023481
1 0.029548
1 0.023417
1 0.023392
1 0.023323
1 0.023381
1 0.025057
1 0.027654
1 0.029197
1 0.023375
1 0.029714
1 0.025487
1 0.023854
1 0.035483
1 0.023406
1 0.028415
1 0.030353
2 0.763354
2 0.900267
2 0.912452
2 0.742165
2 0.903739
2 0.816320
2 0.801971
2 0.896115
2 0.733218
2 0.919244
2 0.898527
2 0.717248
2 0.965641
024907
0 0.030140
0 0.029696
0 0.029823
0 0.030053
0 0.030519
0 0.030526
0 0.031509
0 0.023422
0 0.023351
0 0.023433
0 0.023244
0 0.023460
0 0.023277
0 0.023232
0 0.023355
0 0.023240
0 0.023380
0 0.024704
0 0.027572
0 0.028630
0 0.023231
0 0.026150
0 0.026699
0 0.023337
0 0.029153
0 0.023781
0 0.025736
0 0.029750
