0 0.038379
0 0.032754
0 0.028314
0 0.028286
0 0.032255
0 0.035289
0 0.038769
0 0.034226
0 0.037892
0 0.039991
0 0.035384
0 0.034790
0 0.035271
0 0.037393
0 0.035714
0 0.040507
0 0.034956
0 0.035460
0 0.040911
0 0.032940
0 0.037986
0 0.035511
0 0.037376
0 0.037799
0 0.034965
0 0.040452
0 0.034373
0 0.035209
0 0.040278
0 0.038157
0 0.052601
0 0.088560
0 0.069408
0 0.052095
0 0.052453
0 0.042042
0 0.037912
0 0.038062
0 0.032661
0 0.035410
0 0.039909
0 0.037547
0 0.035181
0 0.036159
0 0.040219
0 0.039698
0 0.033032
0 0.036626
0 0.039598
0 0.035429
0 0.036781
0 0.034591
0 0.037910
0 0.040778
0 0.030344
0 0.035156
0 0.040053
0 0.033135
0 0.040108
0 0.035925
0 0.035316
0 0.034738
0 0.041366
0 0.032682
0 0.038249
0 0.031279
0 0.028195
0 0.028341
0 0.027224
0 0.033942
0 0.033596
0 0.038488
0 0.037746
0 0.040592
0 0.033142
0 0.026985
0 0.029594
0 0.039824
0 0.035417
0 0.039828
0 0.035755
0 0.034758
0 0.036361
0 0.037252
0 0.039429
0 0.033395
0 0.036888
0 0.041677
0 0.035452
0 0.033150
0 0.035687
0 0.034978
0 0.035648
0 0.036994
0 0.037034
0 0.036938
0 0.035304
0 0.031809
0 0.038378
0 0.035298
0 0.037352
0 0.036229
0 0.043273
0 0.030390
0 0.042293
0 0.035775
0 0.037943
0 0.034681
0 0.039099
0 0.035713
0 0.035785
0 0.038988
0 0.032405
0 0.040542
0 0.038422
0 0.038815
0 0.033571
0 0.030123
0 0.025985
0 0.028094
0 0.028776
0 0.030739
0 0.025849
0 0.040348
0 0.035187
0 0.034939
0 0.038293
0 0.035190
0 0.036531
0 0.036876
0 0.040845
0 0.069601
0 0.060122
0 0.059991
0 0.060152
0 0.054098
0 0.050302
0 0.030362
0 0.030163
0 0.030364
0 0.030557
0 0.030186
0 0.027178
0 0.028120
0 0.029591
0 0.030379
0 0.030326
0 0.030279
0 0.030025
0 0.030341
0 0.029465
0 0.027575
0 0.030085
0 0.030175
0 0.029744
0 0.029801
0 0.026199
0 0.025748
0 0.030285
0 0.027890
0 0.030038
0 0.030072
0 0.029863
0 0.029834
0 0.029997
0 0.029836
0 0.030174
0 0.029965
0 0.025838
0 0.029840
0 0.029811
0 0.029748
0 0.030115
0 0.029812
0 0.029809
0 0.030121
0 0.026239
0 0.023219
0 0.030110
0 0.030195
0 0.029904
0 0.029713
0 0.029987
0 0.023513
0 0.029307
0 0.028840
0 0.029821
0 0.030122
0 0.029864
0 0.030148
0 0.029722
0 0.030008
0 0.030173
0 0.028019
0 0.030246
0 0.029920
0 0.030520
0 0.030116
0 0.029687
0 0.030334
0 0.029934
0 0.027885
0 0.024581
0 0.030057
0 0.029858
0 0.029970
0 0.029375
0 0.027119
0 0.023330
0 0.026246
0 0.029251
0 0.030152
0 0.030188
0 0.029867
0 0.030004
0 0.029987
0 0.030095
0 0.029911
0 0.030054
0 0.024117
0 0.023362
0 0.023227
0 0.023217
0 0.023230
0 0.023278
0 0.023278
0 0.023228
0 0.023764
0 0.027838
0 0.029326
0 0.030405
0 0.030045
2 0.138505
2 0.176493
2 0.184989
2 0.141017
2 0.197492
2 0.168859
2 0.306054
2 0.196474
2 0.161310
2 0.185306
2 0.177741
2 0.172826
2 0.167790
2 0.168000
2 0.145957
2 0.182786
2 0.153318
2 0.180648
2 0.180254
2 0.182007
2 0.164439
2 0.166730
2 0.186702
2 0.173543
2 0.162084
2 0.138949
2 0.167055
2 0.104627
2 0.030155
2 0.030932
2 0.030446
2 0.030423
2 0.030530
2 0.030681
2 0.030467
2 0.030822
2 0.029451
2 0.029376
2 0.030783
2 0.132287
2 0.160835
2 0.187466
2 0.160881
2 0.178217
2 0.163452
2 0.177994
2 0.159591
2 0.166707
2 0.181843
2 0.165128
2 0.172516
2 0.169648
2 0.184402
2 0.161480
2 0.134848
1 0.030654
1 0.030192
1 0.029940
1 0.030697
1 0.030618
1 0.029078
1 0.030462
1 0.030348
1 0.030128
1 0.030537
1 0.030191
1 0.030379
1 0.030684
1 0.027142
1 0.030363
1 0.030237
1 0.030450
1 0.030304
1 0.030181
1 0.030564
1 0.030101
1 0.028773
1 0.027442
1 0.030369
1 0.030402
1 0.030397
1 0.029300
1 0.023361
1 0.023267
1 0.023276
1 0.023296
1 0.024924
1 0.030333
1 0.030466
1 0.030501
1 0.030449
1 0.030418
1 0.030456
1 0.024669
1 0.023396
1 0.025829
1 0.030337
1 0.030577
1 0.030411
1 0.029623
1 0.030224
1 0.029950
1 0.030103
1 0.028930
1 0.030379
1 0.030087
1 0.030116
1 0.030287
1 0.030342
1 0.030328
1 0.030296
1 0.026496
1 0.027460
1 0.030039
1 0.030381
1 0.030275
1 0.030335
1 0.030366
1 0.030500
1 0.028788
1 0.023903
1 0.030249
1 0.030208
1 0.030202
1 0.030179
1 0.030154
1 0.030426
1 0.030496
1 0.030400
1 0.030210
1 0.029758
1 0.030333
1 0.029888
1 0.030156
1 0.030221
1 0.030368
1 0.028847
1 0.030022
1 0.030355
1 0.029669
1 0.030064
1 0.030207
1 0.030203
1 0.030497
1 0.028972
1 0.023334
1 0.023259
1 0.023245
1 0.023235
1 0.023345
1 0.023260
1 0.023244
1 0.029816
1 0.030399
1 0.028109
1 0.030428
1 0.030552
1 0.030418
1 0.030241
1 0.030138
1 0.030300
1 0.042309
1 0.057671
1 0.056831
1 0.077514
1 0.052548
1 0.060595
1 0.050706
1 0.039125
1 0.034836
1 0.036685
1 0.036933
1 0.029823
1 0.037909
1 0.039398
1 0.037513
1 0.036541
1 0.038274
1 0.038010
1 0.031144
1 0.037527
1 0.037469
1 0.035394
1 0.032243
1 0.036248
1 0.033422
1 0.038673
1 0.037369
1 0.030245
1 0.040350
1 0.036557
1 0.036014
1 0.040002
1 0.030047
1 0.035709
1 0.035382
1 0.039320
1 0.040706
1 0.032348
1 0.034572
1 0.033457
1 0.030680
1 0.034623
1 0.040673
1 0.036632
1 0.029886
1 0.034309
1 0.041148
1 0.039111
1 0.034304
1 0.035349
1 0.033775
1 0.040452
1 0.033584
1 0.032578
1 0.041628
1 0.033995
1 0.035365
1 0.044515
1 0.030354
1 0.030962
1 0.035922
1 0.034651
1 0.039141
1 0.035476
1 0.030202
1 0.032657
1 0.032392
1 0.040151
1 0.033932
1 0.033880
1 0.041040
1 0.034088
1 0.040578
1 0.034093
1 0.023546
1 0.027816
1 0.030353
1 0.028987
1 0.031957
1 0.023319
1 0.034591
1 0.032385
1 0.033638
1 0.043835
