0 0.023256
0 0.023305
0 0.023306
0 0.023313
0 0.023318
0 0.023325
0 0.023330
0 0.023355
0 0.023366
0 0.023379
0 0.023388
0 0.023399
0 0.023399
0 0.023403
0 0.023416
0 0.023417
0 0.023428
0 0.023432
0 0.023437
0 0.023439
0 0.023440
0 0.023476
0 0.023486
0 0.023490
0 0.023511
0 0.023552
0 0.023564
0 0.023575
0 0.023618
0 0.023623
0 0.023635
0 0.023648
0 0.023696
0 0.023697
0 0.023746
0 0.023755
0 0.023769
0 0.023806
0 0.023934
0 0.023947
0 0.024060
0 0.024114
0 0.024126
0 0.024127
0 0.024360
0 0.024373
0 0.024387
0 0.024604
0 0.024622
0 0.024655
0 0.024811
0 0.024896
0 0.024976
0 0.025033
0 0.025060
0 0.025256
0 0.025320
0 0.025535
0 0.025583
0 0.025728
0 0.025756
0 0.025826
0 0.025963
0 0.026043
0 0.026068
0 0.026072
0 0.026209
0 0.026212
0 0.026250
0 0.026265
0 0.026418
0 0.026481
0 0.026583
0 0.026612
0 0.026710
0 0.026736
0 0.026865
0 0.026879
0 0.027080
0 0.027115
0 0.027129
0 0.027235
0 0.027388
0 0.027415
0 0.027516
0 0.027541
0 0.027555
0 0.027576
0 0.027582
0 0.027629
0 0.027656
0 0.027690
0 0.027712
0 0.027742
0 0.027773
0 0.027809
0 0.027819
0 0.027872
0 0.027905
0 0.027964
0 0.027966
0 0.027969
0 0.028022
0 0.028053
0 0.028086
0 0.028178
0 0.028206
0 0.028371
0 0.028381
0 0.028398
0 0.028417
0 0.028444
0 0.028547
0 0.028556
0 0.028587
0 0.028645
0 0.028655
0 0.028675
0 0.028702
0 0.028748
0 0.028751
0 0.028814
0 0.028819
0 0.028827
0 0.028860
0 0.028867
0 0.028868
0 0.028917
0 0.028940
0 0.028944
0 0.028964
0 0.028985
0 0.028993
0 0.029024
0 0.029027
0 0.029032
0 0.029036
0 0.029053
0 0.029059
0 0.029101
0 0.029134
0 0.029157
0 0.029174
0 0.029179
0 0.029182
0 0.029197
0 0.029210
0 0.029221
0 0.029258
0 0.029276
0 0.029279
0 0.029305
0 0.029330
0 0.029379
0 0.029414
0 0.029462
0 0.029488
0 0.029581
0 0.029594
0 0.029610
0 0.029630
0 0.029668
0 0.029819
0 0.029874
0 0.030103
0 0.030208
0 0.030214
0 0.030258
0 0.030503
0 0.030567
0 0.030626
0 0.030661
0 0.030863
0 0.030998
0 0.031013
0 0.031041
0 0.031190
0 0.031194
0 0.031195
0 0.031222
0 0.031488
0 0.031607
0 0.031819
0 0.031907
0 0.031955
0 0.031977
0 0.032116
0 0.032117
0 0.032131
0 0.032182
0 0.032207
0 0.032237
0 0.032307
0 0.032383
0 0.032730
0 0.032802
0 0.032855
0 0.032969
0 0.032978
0 0.033231
0 0.033409
0 0.033418
0 0.033600
0 0.033657
0 0.033665
0 0.033841
0 0.033912
0 0.033955
0 0.034016
0 0.034031
0 0.034389
0 0.034403
0 0.034446
0 0.034499
0 0.034575
0 0.034777
0 0.034911
0 0.034930
0 0.034950
0 0.034994
0 0.034997
0 0.035067
0 0.035425
0 0.035701
0 0.036537
0 0.036601
0 0.036795
0 0.036892
0 0.036910
0 0.037251
0 0.037659
0 0.038180
0 0.039496
1 0.023209
1 0.023221
1 0.023264
1 0.023270
1 0.023287
1 0.023305
1 0.023306
1 0.023306
1 0.023317
1 0.023397
1 0.023399
1 0.023418
1 0.023421
1 0.023425
1 0.023437
1 0.023448
1 0.023458
1 0.023461
1 0.023474
1 0.023500
1 0.023500
1 0.023546
1 0.023566
1 0.023605
1 0.023628
1 0.023650
1 0.023962
1 0.024088
1 0.024397
1 0.024411
1 0.024473
1 0.024490
1 0.024513
1 0.024561
1 0.024566
1 0.024645
1 0.024769
1 0.024974
1 0.024986
1 0.025424
1 0.025454
1 0.025523
1 0.025549
1 0.025571
1 0.025608
1 0.025611
1 0.025643
1 0.025799
1 0.025870
1 0.026093
1 0.026110
1 0.026267
1 0.026344
1 0.026574
1 0.026610
1 0.026651
1 0.026668
1 0.026704
1 0.026737
1 0.026759
1 0.026807
1 0.026832
1 0.026881
1 0.027057
1 0.027096
1 0.027137
1 0.027206
1 0.027228
1 0.027256
1 0.027404
1 0.027442
1 0.027453
1 0.027477
1 0.027479
1 0.027553
1 0.027561
1 0.027566
1 0.027579
1 0.027636
1 0.027638
1 0.027659
1 0.027714
1 0.027716
1 0.027742
1 0.027781
1 0.027786
1 0.027788
1 0.027792
1 0.027838
1 0.027926
1 0.027927
1 0.027929
1 0.027950
1 0.027976
1 0.027977
1 0.028112
1 0.028113
1 0.028189
1 0.028257
1 0.028389
1 0.028407
1 0.028420
1 0.028502
1 0.028597
1 0.028695
1 0.028749
1 0.028809
1 0.028823
1 0.028857
1 0.028859
1 0.028866
1 0.028894
1 0.028901
1 0.028961
1 0.028996
1 0.029040
1 0.029041
1 0.029049
1 0.029074
1 0.029118
1 0.029237
1 0.029278
1 0.029398
1 0.029706
1 0.029722
1 0.029746
1 0.029830
1 0.029899
1 0.029937
1 0.030114
1 0.030128
1 0.030325
1 0.030473
1 0.030728
1 0.030840
1 0.030847
1 0.030892
1 0.031013
1 0.031124
1 0.031198
1 0.031521
1 0.031683
1 0.031995
1 0.032022
1 0.032125
1 0.032147
1 0.032169
1 0.032236
1 0.032343
1 0.032596
1 0.032771
1 0.032901
1 0.032912
1 0.032955
1 0.033121
1 0.033283
1 0.033462
1 0.033606
1 0.034099
1 0.034110
1 0.034300
1 0.034356
1 0.034402
1 0.034412
1 0.034461
1 0.034510
1 0.034790
1 0.034797
1 0.034840
1 0.034891
1 0.034911
1 0.034920
1 0.034937
1 0.034952
1 0.034971
1 0.035106
1 0.035202
1 0.035227
1 0.035237
1 0.035257
1 0.035300
1 0.035326
1 0.035327
1 0.035339
1 0.035362
1 0.035374
1 0.035391
1 0.035405
1 0.035409
1 0.035417
1 0.035440
1 0.035478
1 0.035576
1 0.035589
1 0.035619
1 0.035631
1 0.035641
1 0.035684
1 0.035720
1 0.035742
1 0.035783
1 0.035786
1 0.035793
1 0.035907
1 0.035937
1 0.036007
1 0.036032
1 0.036150
1 0.036245
1 0.036374
1 0.036428
1 0.036666
1 0.037209
1 0.039117
1 0.039304
1 0.039420
1 0.039469
1 0.040152
1 0.040313
1 0.041026
1 0.041208
1 0.042268
2 0.314529
2 0.549779
2 0.882526
2 0.990640
2 0.991302
2 1.038625
2 1.065567
