0 0.024554
0 0.025281
0 0.025632
0 0.026416
0 0.027545
0 0.027990
0 0.028287
0 0.029016
0 0.030461
0 0.030664
0 0.030982
0 0.032680
0 0.032718
0 0.035575
0 0.035643
0 0.035809
0 0.040931
0 0.041299
0 0.043405
0 0.051803
0 0.052205
0 0.052617
0 0.053709
0 0.057697
0 0.064565
0 0.065276
0 0.065700
0 0.065933
0 0.069511
0 0.074890
1 0.023234
1 0.023358
1 0.023411
1 0.023716
1 0.024944
1 0.025178
1 0.025366
1 0.025551
1 0.025753
1 0.025764
1 0.026097
1 0.026142
1 0.026165
1 0.026548
1 0.026858
1 0.027096
1 0.027979
1 0.028220
1 0.028291
1 0.028646
1 0.028745
1 0.028811
1 0.028900
1 0.029073
1 0.033941
1 0.035484
1 0.035951
1 0.036493
1 0.037002
1 0.038955
1 0.040147
1 0.040163
1 0.040476
1 0.041939
1 0.045563
1 0.053010
1 0.056000
2 0.024562
2 0.024892
2 0.026639
2 0.029296
2 0.029501
2 0.029877
2 0.030765
2 0.038115
2 0.042348
2 0.043355
2 0.044107
2 0.044802
2 0.045195
2 0.046640
2 0.047324
2 0.048096
2 0.051863
2 0.054075
2 0.054976
2 0.055111
2 0.055298
2 0.057267
2 0.058292
2 0.061763
2 0.063279
2 0.074247
2 0.075937
