1 0.023463
1 0.027715
1 0.030159
1 0.026431
1 0.024893
1 0.023455
1 0.023357
1 0.023338
1 0.023656
1 0.023412
1 0.023367
1 0.023303
1 0.023621
1 0.029827
1 0.030276
1 0.030140
1 0.029617
1 0.029806
1 0.030160
1 0.025635
1 0.027673
1 0.029722
1 0.029448
1 0.028137
1 0.029776
1 0.029841
1 0.026279
1 0.023332
1 0.023416
1 0.023283
1 0.023312
1 0.023250
1 0.023305
1 0.023307
1 0.023302
1 0.029674
1 0.029791
1 0.029649
1 0.031546
1 0.030259
1 0.029591
1 0.055112
1 0.051330
1 0.064763
1 0.037200
1 0.069102
1 0.045907
1 0.029912
1 0.029650
1 0.029847
1 0.028550
1 0.030017
1 0.029943
1 0.029914
1 0.029754
1 0.030140
1 0.027933
1 0.026437
1 0.029971
1 0.031584
1 0.031798
1 0.029773
1 0.030115
1 0.028521
1 0.030325
1 0.029769
1 0.029985
1 0.030029
1 0.029812
1 0.029700
1 0.029655
1 0.029706
1 0.029928
1 0.029956
1 0.029726
1 0.029619
1 0.028682
1 0.023297
1 0.029399
1 0.029861
1 0.030423
1 0.026588
1 0.029807
1 0.028428
1 0.023318
1 0.023355
1 0.023270
1 0.023267
1 0.023277
1 0.023256
1 0.023283
1 0.023263
1 0.023305
1 0.024160
1 0.023307
1 0.023265
1 0.023267
1 0.026566
1 0.029955
1 0.030016
1 0.025613
1 0.029721
1 0.030089
1 0.030045
1 0.027476
1 0.029786
1 0.029958
1 0.026296
1 0.029642
1 0.029960
1 0.029903
1 0.029856
1 0.029890
1 0.029354
1 0.023274
1 0.023299
1 0.026711
1 0.029617
1 0.029905
1 0.029838
1 0.030160
1 0.025320
1 0.029735
1 0.029374
1 0.028798
1 0.025989
1 0.029768
1 0.030040
1 0.029149
1 0.029407
1 0.029883
1 0.030205
1 0.030144
1 0.029857
1 0.029851
1 0.029596
1 0.029563
1 0.029987
1 0.029807
1 0.030351
1 0.029689
1 0.027334
1 0.029847
1 0.029807
1 0.030184
1 0.029236
1 0.026963
1 0.030150
1 0.025510
1 0.023277
1 0.023332
1 0.023253
1 0.023368
1 0.023253
1 0.023263
1 0.023254
1 0.023404
1 0.027249
1 0.029943
1 0.029951
1 0.030068
1 0.029803
1 0.029749
1 0.027282
1 0.025206
1 0.029961
1 0.029984
1 0.030182
1 0.030212
1 0.028883
1 0.026951
1 0.023260
1 0.023212
1 0.023373
1 0.028191
1 0.030042
1 0.030186
1 0.029472
1 0.027271
1 0.029634
1 0.029829
1 0.029331
1 0.029653
1 0.029768
1 0.027861
1 0.029615
1 0.029848
1 0.029890
1 0.030339
1 0.029455
1 0.029761
1 0.026642
1 0.023326
1 0.029084
1 0.029984
1 0.030428
1 0.030044
1 0.029597
1 0.027214
1 0.029661
1 0.027123
1 0.023295
1 0.025218
1 0.029872
1 0.029845
1 0.027701
1 0.023730
1 0.029721
1 0.029656
1 0.030006
1 0.030094
1 0.026177
1 0.028544
1 0.030148
1 0.029894
1 0.029766
1 0.029887
1 0.029793
1 0.029975
1 0.026279
1 0.024026
1 0.030219
1 0.029944
1 0.029945
1 0.029842
1 0.029665
1 0.026637
1 0.028388
1 0.030176
1 0.030005
1 0.029766
1 0.027724
1 0.023327
1 0.024675
1 0.029718
1 0.029867
1 0.030234
1 0.029838
1 0.029574
1 0.024047
1 0.023611
1 0.023492
1 0.023700
1 0.025490
1 0.023250
1 0.023247
1 0.025934
1 0.029952
1 0.028996
1 0.029934
1 0.030332
1 0.030295
1 0.030192
1 0.030424
1 0.023389
1 0.028150
1 0.030447
1 0.030208
1 0.030160
1 0.030245
1 0.030242
1 0.030325
1 0.024059
1 0.023263
1 0.023337
1 0.023357
1 0.023269
1 0.023277
1 0.023330
1 0.023283
1 0.024851
1 0.030143
1 0.030497
1 0.051160
1 0.043001
1 0.040389
1 0.036798
1 0.046086
1 0.040235
1 0.040938
1 0.040443
1 0.050804
1 0.037915
1 0.043181
1 0.037742
1 0.045598
1 0.040689
1 0.046387
1 0.039119
1 0.046027
1 0.036537
1 0.045535
2 0.074600
2 0.093742
2 0.076434
2 0.092622
2 0.086729
2 0.118865
2 0.101166
2 0.091686
2 0.065789
2 0.085041
2 0.088311
2 0.099338
2 0.121928
2 0.135170
2 0.099359
2 0.116543
2 0.108349
2 0.093556
2 0.098381
2 0.109194
2 0.101299
2 0.105491
2 0.108065
2 0.087071
2 0.095194
2 0.094685
2 0.087484
2 0.071626
2 0.086224
2 0.097156
2 0.083189
2 0.117035
2 0.098454
2 0.106488
2 0.088658
2 0.095623
2 0.101476
2 0.077794
2 0.113569
2 0.106064
2 0.104487
2 0.098471
2 0.106315
2 0.102713
2 0.083260
2 0.082400
2 0.087079
2 0.108408
2 0.096104
2 0.118408
2 0.076629
2 0.076753
2 0.110812
2 0.106410
2 0.105452
2 0.088234
2 0.098925
2 0.095914
2 0.107193
2 0.086354
2 0.099078
2 0.104338
2 0.095387
2 0.107892
2 0.100692
2 0.089450
2 0.111693
2 0.098272
2 0.086880
2 0.105528
2 0.092170
2 0.075250
2 0.091007
2 0.104021
2 0.087791
2 0.103729
2 0.099402
2 0.086734
2 0.074069
2 0.097283
2 0.043149
2 0.090546
2 0.093421
2 0.108425
2 0.102158
2 0.113865
2 0.103441
2 0.105569
0 0.025523
0 0.050452
0 0.027553
0 0.040951
0 0.028940
0 0.034501
0 0.033262
0 0.023297
0 0.039308
0 0.038963
0 0.048130
0 0.039492
0 0.039962
0 0.042158
0 0.040415
0 0.039400
0 0.038952
0 0.047029
0 0.036778
0 0.031719
0 0.030046
0 0.033996
0 0.032411
0 0.037162
0 0.033390
0 0.040813
0 0.039441
0 0.046859
0 0.041285
0 0.036136
0 0.040689
0 0.056126
0 0.053500
0 0.061779
0 0.049557
0 0.047109
0 0.040672
0 0.037797
0 0.045996
0 0.039096
0 0.045133
0 0.041063
0 0.041021
0 0.042601
0 0.044074
0 0.044121
0 0.040082
0 0.038667
0 0.043389
0 0.046591
0 0.038329
0 0.041172
0 0.046601
0 0.041410
0 0.041624
0 0.045355
0 0.038565
0 0.033773
0 0.051699
0 0.032405
0 0.042100
0 0.037902
0 0.038069
0 0.027428
0 0.037119
0 0.029893
0 0.039004
0 0.027359
0 0.030349
0 0.037215
0 0.032742
0 0.042422
0 0.042862
0 0.031821
0 0.049701
0 0.039029
0 0.036992
0 0.044346
0 0.041643
0 0.038171
0 0.047807
0 0.042031
0 0.038296
0 0.035832
0 0.031328
0 0.045291
0 0.041351
0 0.043141
0 0.035044
0 0.046961
0 0.038258
0 0.043667
0 0.035272
0 0.049092
0 0.038320
0 0.042797
0 0.046810
0 0.036719
0 0.046313
0 0.041060
0 0.039237
0 0.044691
0 0.038468
0 0.043480
0 0.045170
0 0.037197
0 0.041729
0 0.031754
0 0.033256
0 0.034438
0 0.033498
0 0.035636
0 0.029852
0 0.037616
0 0.041586
0 0.041926
0 0.046607
0 0.035095
0 0.039317
0 0.041206
0 0.043134
0 0.039188
0 0.039495
0 0.033699
0 0.036812
0 0.037466
0 0.044445
0 0.039884
0 0.040798
0 0.046302
0 0.040349
0 0.042460
0 0.042307
0 0.043866
0 0.038227
0 0.047531
0 0.035914
0 0.038297
0 0.038427
0 0.045492
0 0.042341
0 0.040302
0 0.042477
0 0.034560
0 0.037441
0 0.041074
0 0.045488
0 0.028722
0 0.040852
0 0.042003
0 0.050337
0 0.037495
0 0.033994
0 0.046375
0 0.038140
0 0.047046
0 0.045150
0 0.029357
0 0.038578
0 0.044209
0 0.045241
0 0.042978
0 0.036010
0 0.047369
0 0.039581
0 0.041755
0 0.030402
0 0.046955
0 0.038025
0 0.042249
0 0.038950
0 0.036645
0 0.036164
0 0.030207
0 0.028717
0 0.031219
0 0.046670
0 0.039259
0 0.045415
0 0.043474
0 0.037761
0 0.035941
0 0.046338
0 0.035562
0 0.043167
0 0.047984
0 0.041991
0 0.031118
0 0.030951
0 0.037891
0 0.030398
0 0.033552
0 0.030998
0 0.036522
0 0.059086
0 0.030567
0 0.030209
0 0.029610
0 0.028969
0 0.029990
0 0.029820
0 0.030008
0 0.029754
0 0.030252
0 0.030020
0 0.029558
0 0.030110
0 0.029824
0 0.030473
0 0.029838
0 0.030158
0 0.030026
0 0.031950
0 0.029822
0 0.030436
0 0.030231
0 0.029900
0 0.030160
0 0.028336
0 0.028814
0 0.029960
