0, 0.023236
0, 0.023252
0, 0.023267
0, 0.023272
0, 0.023278
0, 0.023373
0, 0.024940
0, 0.025170
0, 0.025815
0, 0.025838
0, 0.026048
0, 0.026092
0, 0.026277
0, 0.026651
0, 0.026734
0, 0.026755
0, 0.026895
0, 0.026954
0, 0.026993
0, 0.027032
0, 0.027105
0, 0.027353
0, 0.027430
0, 0.027559
0, 0.027570
0, 0.027578
0, 0.027777
0, 0.027926
0, 0.027974
0, 0.028060
0, 0.028207
0, 0.028227
0, 0.028365
0, 0.028434
0, 0.028501
0, 0.028544
0, 0.028547
0, 0.028598
0, 0.028676
0, 0.028925
0, 0.028945
0, 0.029069
0, 0.029131
0, 0.029204
0, 0.029228
0, 0.029337
0, 0.029423
0, 0.029586
0, 0.029604
0, 0.029662
0, 0.029693
0, 0.029693
0, 0.029699
0, 0.029714
0, 0.029719
0, 0.029776
0, 0.029779
0, 0.029856
0, 0.029874
0, 0.029903
0, 0.030174
0, 0.030186
0, 0.030258
0, 0.030317
0, 0.030348
0, 0.030383
0, 0.030445
0, 0.030461
0, 0.030543
0, 0.030670
0, 0.030725
0, 0.030781
0, 0.030784
0, 0.030787
0, 0.031562
0, 0.031896
0, 0.031957
0, 0.032163
0, 0.032261
0, 0.032262
0, 0.032376
0, 0.032418
0, 0.032489
0, 0.032522
0, 0.032536
0, 0.032549
0, 0.032588
0, 0.032654
0, 0.032813
0, 0.032828
0, 0.033048
0, 0.033209
0, 0.033231
0, 0.033312
0, 0.033426
0, 0.033439
0, 0.033442
0, 0.033457
0, 0.033474
0, 0.033515
0, 0.033575
0, 0.033616
0, 0.033871
0, 0.033894
0, 0.033947
0, 0.034057
0, 0.034058
0, 0.034082
0, 0.034132
0, 0.034150
0, 0.034207
0, 0.034287
0, 0.034422
0, 0.034471
0, 0.034498
0, 0.034525
0, 0.034573
0, 0.034585
0, 0.034602
0, 0.034627
0, 0.034658
0, 0.034734
0, 0.034747
0, 0.034754
0, 0.034770
0, 0.034778
0, 0.034829
0, 0.034831
0, 0.034848
0, 0.034872
0, 0.034947
0, 0.034965
0, 0.034981
0, 0.035105
0, 0.035140
0, 0.035207
0, 0.035238
0, 0.035277
0, 0.035452
0, 0.035467
0, 0.035471
0, 0.035476
0, 0.035597
0, 0.035600
0, 0.035704
0, 0.035838
0, 0.035936
0, 0.035991
0, 0.036029
0, 0.036129
0, 0.036220
0, 0.036231
0, 0.036305
0, 0.036335
0, 0.036337
0, 0.036359
0, 0.036378
0, 0.036403
0, 0.036439
0, 0.036566
0, 0.036672
0, 0.036706
0, 0.036727
0, 0.036729
0, 0.036733
0, 0.036750
0, 0.036786
0, 0.036799
0, 0.036849
0, 0.036896
0, 0.036905
0, 0.036952
0, 0.036959
0, 0.036966
0, 0.036990
0, 0.036996
0, 0.037000
0, 0.037027
0, 0.037043
0, 0.037051
0, 0.037066
0, 0.037080
0, 0.037090
0, 0.037264
0, 0.037300
0, 0.037302
0, 0.037311
0, 0.037312
0, 0.037317
0, 0.037319
0, 0.037319
0, 0.037334
0, 0.037370
0, 0.037373
0, 0.037402
0, 0.037428
0, 0.037451
0, 0.037488
0, 0.037567
0, 0.037621
0, 0.037642
0, 0.037692
0, 0.037756
0, 0.037766
0, 0.037774
0, 0.037819
0, 0.037846
0, 0.037872
0, 0.037892
0, 0.037899
0, 0.037969
0, 0.038214
0, 0.038329
0, 0.038347
0, 0.038352
0, 0.038491
0, 0.038714
0, 0.039237
0, 0.039258
0, 0.039272
0, 0.039446
0, 0.039629
0, 0.039667
0, 0.039768
0, 0.039945
0, 0.040046
0, 0.040332
0, 0.041006
0, 0.041160
0, 0.042225
0, 0.042701
0, 0.042879
0, 0.042892
0, 0.043277
0, 0.043484
0, 0.044787
0, 0.044829
0, 0.045581
0, 0.058633
0, 0.077364
1, 0.023207
1, 0.023214
1, 0.023215
1, 0.023225
1, 0.023245
1, 0.023280
1, 0.023293
1, 0.023297
1, 0.023300
1, 0.023309
1, 0.023310
1, 0.023311
1, 0.023315
1, 0.023322
1, 0.023324
1, 0.023326
1, 0.023329
1, 0.023330
1, 0.023334
1, 0.023337
1, 0.023337
1, 0.023338
1, 0.023338
1, 0.023342
1, 0.023347
1, 0.023353
1, 0.023354
1, 0.023358
1, 0.023365
1, 0.023365
1, 0.023366
1, 0.023367
1, 0.023369
1, 0.023377
1, 0.023385
1, 0.023393
1, 0.023395
1, 0.023404
1, 0.023413
1, 0.023416
1, 0.023420
1, 0.023421
1, 0.023433
1, 0.023437
1, 0.023450
1, 0.023475
1, 0.023475
1, 0.023479
1, 0.023482
1, 0.023486
1, 0.023493
1, 0.023494
1, 0.023495
1, 0.023505
1, 0.023509
1, 0.023528
1, 0.023529
1, 0.023557
1, 0.023575
1, 0.023612
1, 0.023625
1, 0.023708
1, 0.023740
1, 0.023758
1, 0.024159
1, 0.024399
1, 0.024439
1, 0.024634
1, 0.024747
1, 0.024761
1, 0.024775
1, 0.024906
1, 0.024946
1, 0.025156
1, 0.025166
1, 0.025184
1, 0.025214
1, 0.025446
1, 0.025525
1, 0.025662
1, 0.025669
1, 0.025869
1, 0.025880
1, 0.026133
1, 0.026232
1, 0.026238
1, 0.026312
1, 0.026753
1, 0.027006
1, 0.027127
1, 0.027416
1, 0.027508
1, 0.027578
1, 0.027675
1, 0.027932
1, 0.028070
1, 0.028079
1, 0.028196
1, 0.028313
1, 0.028399
1, 0.028399
1, 0.028504
1, 0.028594
1, 0.028595
1, 0.028718
1, 0.028790
1, 0.028934
1, 0.029049
1, 0.029128
1, 0.029168
1, 0.029274
1, 0.029507
1, 0.029576
1, 0.029591
1, 0.029608
1, 0.029660
1, 0.029756
1, 0.029761
1, 0.029775
1, 0.029814
1, 0.029823
1, 0.029839
1, 0.029849
1, 0.029872
1, 0.029878
1, 0.029883
1, 0.029892
1, 0.029899
1, 0.029909
1, 0.029920
1, 0.029924
1, 0.029932
1, 0.029934
1, 0.029937
1, 0.029950
1, 0.029959
1, 0.029959
1, 0.029981
1, 0.029983
1, 0.029999
1, 0.030023
1, 0.030031
1, 0.030032
1, 0.030036
1, 0.030038
1, 0.030038
1, 0.030048
1, 0.030051
1, 0.030060
1, 0.030065
1, 0.030065
1, 0.030067
1, 0.030079
1, 0.030087
1, 0.030089
1, 0.030090
1, 0.030091
1, 0.030092
1, 0.030098
1, 0.030101
1, 0.030102
1, 0.030105
1, 0.030109
1, 0.030118
1, 0.030122
1, 0.030129
1, 0.030136
1, 0.030137
1, 0.030147
1, 0.030151
1, 0.030165
1, 0.030166
1, 0.030175
1, 0.030182
1, 0.030184
1, 0.030184
1, 0.030185
1, 0.030187
1, 0.030194
1, 0.030200
1, 0.030204
1, 0.030210
1, 0.030218
1, 0.030218
1, 0.030225
1, 0.030226
1, 0.030229
1, 0.030234
1, 0.030240
1, 0.030243
1, 0.030244
1, 0.030246
1, 0.030247
1, 0.030248
1, 0.030248
1, 0.030251
1, 0.030255
1, 0.030256
1, 0.030259
1, 0.030260
1, 0.030266
1, 0.030266
1, 0.030266
1, 0.030270
1, 0.030274
1, 0.030274
1, 0.030277
1, 0.030278
1, 0.030279
1, 0.030279
1, 0.030286
1, 0.030293
1, 0.030294
1, 0.030299
1, 0.030301
1, 0.030307
1, 0.030310
1, 0.030317
1, 0.030323
1, 0.030328
1, 0.030333
1, 0.030333
1, 0.030342
1, 0.030348
1, 0.030350
1, 0.030355
1, 0.030358
1, 0.030362
1, 0.030367
1, 0.030368
1, 0.030370
1, 0.030373
1, 0.030387
1, 0.030389
1, 0.030403
1, 0.030404
1, 0.030407
1, 0.030408
1, 0.030412
1, 0.030431
1, 0.030433
1, 0.030435
1, 0.030456
1, 0.030458
1, 0.030459
1, 0.030470
1, 0.030487
1, 0.030495
1, 0.030515
1, 0.030523
1, 0.030537
1, 0.030538
1, 0.030544
1, 0.030550
1, 0.030557
1, 0.030563
1, 0.030623
1, 0.030781
1, 0.030801
1, 0.030838
1, 0.030887
1, 0.030968
1, 0.030987
1, 0.031019
1, 0.031067
1, 0.031078
1, 0.031084
1, 0.031312
1, 0.031405
1, 0.031425
1, 0.031457
1, 0.031591
1, 0.031611
1, 0.031641
1, 0.031680
1, 0.031808
1, 0.031826
1, 0.031836
1, 0.031857
1, 0.032025
1, 0.032222
1, 0.032283
1, 0.032587
1, 0.043974
1, 0.047302
1, 0.051103
1, 0.067820
2, 0.112393
2, 0.117704
2, 0.131207
2, 0.131237
2, 0.134344
2, 0.137060
2, 0.138963
2, 0.143064
2, 0.143129
2, 0.147608
2, 0.149935
2, 0.150236
2, 0.150479
2, 0.150492
2, 0.155864
2, 0.156548
2, 0.157153
2, 0.158040
2, 0.160723
2, 0.160975
2, 0.162178
2, 0.162240
2, 0.164826
2, 0.164917
2, 0.164953
2, 0.165509
2, 0.167353
2, 0.167409
2, 0.168188
2, 0.168316
2, 0.168702
2, 0.168807
2, 0.169789
2, 0.169933
2, 0.170695
2, 0.171113
2, 0.171182
2, 0.173888
2, 0.174645
2, 0.176624
2, 0.178973
2, 0.181207
2, 0.184444
2, 0.184489
2, 0.187129
2, 0.188456
2, 0.189903
2, 0.192396
2, 0.197121
2, 0.205361
