0 0.031852
0 0.023349
0 0.025677
0 0.030590
0 0.030594
0 0.027314
0 0.023463
0 0.023269
0 0.023274
0 0.023394
0 0.023304
0 0.023352
0 0.023292
0 0.023453
0 0.023375
0 0.023285
0 0.023358
0 0.023290
0 0.023264
0 0.023397
0 0.023307
0 0.023351
0 0.024400
0 0.030273
0 0.030256
0 0.030442
0 0.030113
0 0.030260
0 0.030371
0 0.030336
0 0.029954
0 0.030048
0 0.029569
0 0.030449
0 0.030243
0 0.030212
0 0.030119
0 0.033015
0 0.031406
0 0.030457
0 0.028545
0 0.049261
0 0.077221
0 0.066377
0 0.025808
0 0.055249
0 0.023411
0 0.024772
0 0.029327
0 0.030380
0 0.029943
0 0.030236
0 0.029944
0 0.028703
0 0.029737
0 0.030427
0 0.030159
0 0.030297
0 0.030166
0 0.030174
0 0.030017
0 0.029788
0 0.030482
0 0.030710
0 0.030375
0 0.030890
0 0.030128
0 0.030255
0 0.030542
0 0.029327
0 0.029988
0 0.030555
0 0.030358
0 0.030516
0 0.029933
0 0.030244
0 0.030290
0 0.030418
0 0.029370
0 0.029982
0 0.029749
0 0.030175
0 0.030396
0 0.030306
0 0.030563
0 0.030631
0 0.025156
0 0.025726
0 0.030315
0 0.030685
0 0.030362
0 0.030456
0 0.030073
0 0.030182
0 0.028218
0 0.025709
0 0.030193
0 0.030262
0 0.030366
0 0.030170
0 0.030198
0 0.030415
0 0.030187
0 0.024854
0 0.028823
0 0.026713
0 0.030101
0 0.030338
0 0.030636
0 0.030908
0 0.031122
0 0.029720
0 0.030857
0 0.030438
0 0.030331
0 0.030198
0 0.030157
0 0.030439
0 0.030450
0 0.028806
0 0.023292
0 0.030198
0 0.030519
0 0.029989
0 0.030251
0 0.030860
0 0.030247
0 0.030027
0 0.027543
0 0.030287
0 0.030312
0 0.030327
0 0.030464
0 0.030679
0 0.030521
0 0.030300
0 0.030632
0 0.030363
0 0.030035
0 0.030337
0 0.029882
0 0.030747
0 0.030527
0 0.030068
0 0.029540
0 0.030280
0 0.030288
0 0.030438
0 0.030393
0 0.030263
0 0.031099
0 0.030696
0 0.029361
0 0.023173
0 0.027876
0 0.030324
0 0.030284
0 0.030280
0 0.030562
0 0.030527
0 0.030237
0 0.025977
0 0.027345
0 0.030116
0 0.030253
0 0.030567
0 0.030211
0 0.030197
0 0.030476
0 0.029017
0 0.028978
0 0.030263
0 0.026228
0 0.030015
0 0.030618
0 0.030446
0 0.030187
0 0.030204
0 0.026878
0 0.030285
0 0.030155
0 0.029970
0 0.030440
0 0.030454
0 0.030414
0 0.030205
0 0.030005
0 0.030013
0 0.030254
0 0.030628
0 0.030347
0 0.030417
0 0.030325
0 0.030322
0 0.028292
0 0.027479
0 0.030342
0 0.030381
0 0.030315
0 0.030563
0 0.030345
0 0.023203
0 0.028935
0 0.025995
0 0.023240
0 0.023213
0 0.023290
0 0.023377
0 0.023223
0 0.023224
0 0.023236
0 0.023299
0 0.023211
0 0.023231
0 0.028949
0 0.030262
0 0.030470
0 0.030026
0 0.030448
0 0.030464
0 0.030151
0 0.030264
0 0.029431
0 0.030439
0 0.029796
0 0.030342
0 0.029997
0 0.030607
0 0.030506
0 0.030302
0 0.026550
0 0.023202
0 0.023233
0 0.023226
0 0.023212
0 0.023199
0 0.023204
0 0.023262
0 0.023194
0 0.023203
0 0.023204
0 0.023334
0 0.030382
0 0.030533
0 0.029626
0 0.030151
0 0.030389
0 0.030012
0 0.030626
0 0.029582
0 0.030095
0 0.030409
0 0.030172
0 0.030169
0 0.030354
0 0.030593
0 0.030181
0 0.029043
0 0.027474
0 0.030393
0 0.030959
0 0.032278
0 0.030418
0 0.030232
0 0.030354
0 0.030360
0 0.027700
0 0.030302
0 0.030469
0 0.030366
0 0.030445
0 0.030430
0 0.030438
0 0.030452
0 0.029246
0 0.030602
0 0.030215
0 0.030449
0 0.030250
0 0.030276
0 0.030977
0 0.030085
0 0.027019
0 0.029507
0 0.030195
0 0.030147
0 0.030067
0 0.030137
0 0.030755
0 0.030427
0 0.028643
0 0.029990
0 0.030390
0 0.030563
0 0.030971
0 0.031331
0 0.030139
0 0.030667
0 0.029808
0 0.030395
0 0.030753
0 0.031579
0 0.023246
0 0.023335
0 0.023356
0 0.028546
0 0.025684
0 0.023282
0 0.025667
0 0.030481
0 0.025338
0 0.023486
0 0.023416
0 0.030107
0 0.025982
0 0.023434
0 0.023359
0 0.023391
0 0.025923
0 0.028029
0 0.025510
0 0.023933
0 0.023430
0 0.027028
0 0.023344
0 0.023446
0 0.026775
1 0.028400
1 0.028765
1 0.027673
1 0.030933
1 0.033075
1 0.027849
1 0.023342
1 0.025935
1 0.023429
1 0.025911
1 0.023396
1 0.028703
1 0.023381
1 0.023409
1 0.027033
1 0.023409
1 0.027464
1 0.023344
1 0.023347
1 0.027381
1 0.023392
1 0.032436
1 0.032560
1 0.036012
1 0.030431
1 0.030352
1 0.036568
1 0.030375
1 0.042537
1 0.030327
1 0.030081
1 0.029857
1 0.030224
1 0.030369
1 0.030275
1 0.040501
1 0.030546
1 0.028702
1 0.026229
1 0.023436
1 0.029079
1 0.028511
1 0.029158
1 0.052567
1 0.070865
1 0.064782
1 0.034037
1 0.034332
1 0.030162
1 0.036798
1 0.030321
1 0.028891
1 0.030324
1 0.036475
1 0.030238
1 0.033712
1 0.030052
1 0.035899
1 0.033915
1 0.030595
1 0.033897
1 0.030562
1 0.035288
1 0.030083
1 0.030426
1 0.036792
1 0.029441
1 0.036146
1 0.030340
1 0.030520
1 0.035544
1 0.030362
1 0.035625
1 0.029501
1 0.030271
1 0.036756
1 0.030797
1 0.033698
1 0.030428
1 0.034286
1 0.030625
1 0.030527
1 0.024416
1 0.033172
1 0.034287
1 0.030654
1 0.032841
1 0.034413
1 0.030147
1 0.028313
1 0.033619
1 0.030447
1 0.033734
1 0.030352
1 0.035059
1 0.030860
1 0.035295
1 0.025445
1 0.031886
1 0.027672
1 0.037624
1 0.030250
1 0.030635
1 0.034834
1 0.031090
1 0.037268
1 0.030594
1 0.030449
1 0.037109
1 0.030360
1 0.030473
1 0.030630
1 0.032552
1 0.026063
1 0.035085
1 0.030821
1 0.033030
1 0.033430
1 0.030601
1 0.032097
1 0.033421
1 0.030460
1 0.033678
1 0.030432
1 0.033194
1 0.036276
1 0.030276
1 0.030411
1 0.033884
1 0.030803
1 0.038868
1 0.030065
1 0.032821
1 0.030559
1 0.035861
1 0.029571
1 0.030313
1 0.034927
1 0.030347
1 0.034934
1 0.030264
1 0.036286
1 0.030469
1 0.027101
1 0.031031
1 0.030781
1 0.033068
1 0.030353
1 0.036115
1 0.030808
1 0.033923
1 0.027611
1 0.037058
1 0.030447
1 0.030496
1 0.030291
1 0.034941
1 0.030324
1 0.036267
1 0.028127
1 0.030602
1 0.029406
1 0.036073
1 0.030351
1 0.030882
1 0.035929
1 0.029870
1 0.027932
1 0.035189
1 0.030095
1 0.035395
1 0.033817
1 0.030399
1 0.035532
1 0.030139
1 0.034691
1 0.030234
1 0.030688
1 0.033636
1 0.034647
1 0.030372
1 0.032985
1 0.025690
1 0.035920
1 0.030119
1 0.038932
1 0.030551
1 0.030800
1 0.024565
1 0.029544
1 0.031663
1 0.023242
1 0.023231
1 0.028363
1 0.023344
1 0.023408
1 0.027473
1 0.023265
1 0.023407
1 0.026217
1 0.033668
1 0.030286
1 0.030488
1 0.034543
1 0.030802
1 0.035112
1 0.030331
1 0.035974
1 0.030453
1 0.031642
1 0.035923
1 0.030009
1 0.034472
1 0.030588
1 0.034352
1 0.026388
1 0.031770
1 0.023237
1 0.023256
1 0.023380
1 0.023259
1 0.023319
1 0.031575
1 0.023239
1 0.023358
1 0.023505
1 0.035145
1 0.030499
1 0.029882
1 0.037752
1 0.032251
1 0.030387
1 0.030702
1 0.036199
1 0.030521
1 0.030426
1 0.035926
1 0.030341
1 0.030565
1 0.034994
1 0.029971
1 0.031918
1 0.030348
1 0.039498
1 0.031792
1 0.030456
1 0.030549
1 0.034475
1 0.027790
1 0.036819
1 0.030711
1 0.034747
1 0.030484
1 0.036115
1 0.030415
1 0.030501
1 0.035937
1 0.030457
1 0.030258
1 0.034828
1 0.030700
1 0.036190
1 0.030668
1 0.029563
1 0.032506
1 0.030249
1 0.038561
1 0.030954
1 0.031845
1 0.030475
1 0.034209
1 0.028867
1 0.032728
1 0.034356
1 0.038627
1 0.031599
1 0.032037
1 0.030705
1 0.035715
1 0.030471
1 0.030551
1 0.033999
1 0.023230
1 0.023391
1 0.023258
1 0.033150
1 0.023644
1 0.028543
1 0.027879
1 0.033587
1 0.023384
1 0.023443
1 0.036054
1 0.026605
1 0.023380
1 0.023502
1 0.023405
1 0.025654
1 0.034180
1 0.026133
1 0.023371
1 0.026602
1 0.026970
1 0.031640
1 0.026838
1 0.025794
2 0.320405
2 0.409010
2 0.452271
2 0.568315
2 0.474231
2 0.458427
2 0.501530
2 0.445547
2 0.517250
2 0.441469
2 0.461923
2 0.473070
2 0.400952
2 0.405976
2 0.506606
2 0.347507
2 0.466554
2 0.570080
2 0.433720
2 0.428712
