0, 0.023235
0, 0.023237
0, 0.023246
0, 0.023256
0, 0.023268
0, 0.023278
0, 0.023280
0, 0.023283
0, 0.023288
0, 0.023295
0, 0.023296
0, 0.023297
0, 0.023315
0, 0.023321
0, 0.023321
0, 0.023329
0, 0.023333
0, 0.023338
0, 0.023339
0, 0.023339
0, 0.023342
0, 0.023342
0, 0.023343
0, 0.023355
0, 0.023359
0, 0.023361
0, 0.023362
0, 0.023367
0, 0.023368
0, 0.023369
0, 0.023380
0, 0.023385
0, 0.023387
0, 0.023387
0, 0.023387
0, 0.023392
0, 0.023393
0, 0.023436
0, 0.023446
0, 0.023447
0, 0.023451
0, 0.023457
0, 0.023459
0, 0.023466
0, 0.023475
0, 0.023490
0, 0.023492
0, 0.023498
0, 0.023501
0, 0.023520
0, 0.023527
0, 0.023551
0, 0.023603
0, 0.023631
0, 0.023736
0, 0.024044
0, 0.024232
0, 0.024236
0, 0.024525
0, 0.024918
0, 0.024957
0, 0.025161
0, 0.025217
0, 0.025376
0, 0.025465
0, 0.025505
0, 0.025545
0, 0.025595
0, 0.025728
0, 0.025847
0, 0.025863
0, 0.025894
0, 0.025933
0, 0.025938
0, 0.025961
0, 0.025968
0, 0.026051
0, 0.026300
0, 0.026310
0, 0.026334
0, 0.026358
0, 0.026805
0, 0.026898
0, 0.026974
0, 0.027112
0, 0.027119
0, 0.027179
0, 0.027208
0, 0.027213
0, 0.027276
0, 0.027760
0, 0.027951
0, 0.028110
0, 0.028126
0, 0.028221
0, 0.028329
0, 0.028356
0, 0.028366
0, 0.028484
0, 0.028537
0, 0.028627
0, 0.028658
0, 0.028696
0, 0.028732
0, 0.028778
0, 0.028840
0, 0.028940
0, 0.029118
0, 0.029217
0, 0.029253
0, 0.029409
0, 0.029512
0, 0.029530
0, 0.029588
0, 0.029590
0, 0.029693
0, 0.029714
0, 0.029721
0, 0.029736
0, 0.029761
0, 0.029772
0, 0.029805
0, 0.029833
0, 0.029899
0, 0.029901
0, 0.029911
0, 0.029948
0, 0.029970
0, 0.029979
0, 0.029996
0, 0.030000
0, 0.030043
0, 0.030054
0, 0.030054
0, 0.030070
0, 0.030070
0, 0.030101
0, 0.030112
0, 0.030118
0, 0.030126
0, 0.030138
0, 0.030144
0, 0.030146
0, 0.030158
0, 0.030159
0, 0.030159
0, 0.030166
0, 0.030170
0, 0.030183
0, 0.030186
0, 0.030202
0, 0.030230
0, 0.030239
0, 0.030275
0, 0.030278
0, 0.030310
0, 0.030320
0, 0.030326
0, 0.030337
0, 0.030356
0, 0.030359
0, 0.030360
0, 0.030362
0, 0.030362
0, 0.030365
0, 0.030368
0, 0.030372
0, 0.030399
0, 0.030403
0, 0.030452
0, 0.030464
0, 0.030470
0, 0.030492
0, 0.030492
0, 0.030546
0, 0.030554
0, 0.030571
0, 0.030572
0, 0.030642
0, 0.030649
0, 0.030707
0, 0.030743
0, 0.030795
0, 0.030797
0, 0.030952
0, 0.030954
0, 0.031107
0, 0.031145
0, 0.031202
0, 0.031320
0, 0.031401
0, 0.031405
0, 0.031443
0, 0.031571
0, 0.031589
0, 0.031611
0, 0.031767
0, 0.031813
0, 0.031825
0, 0.031888
0, 0.031909
0, 0.031985
0, 0.032020
0, 0.032097
0, 0.032140
0, 0.032191
0, 0.032227
0, 0.032291
0, 0.032312
0, 0.032401
0, 0.032424
0, 0.032433
0, 0.032446
0, 0.032546
0, 0.032579
0, 0.032635
0, 0.032642
0, 0.032668
0, 0.032709
0, 0.032736
0, 0.032749
0, 0.032809
0, 0.032825
0, 0.032867
0, 0.032923
0, 0.032924
0, 0.032959
0, 0.032968
0, 0.033064
0, 0.033082
0, 0.033087
0, 0.033109
0, 0.033139
0, 0.033199
0, 0.033234
0, 0.033309
0, 0.033391
0, 0.033402
0, 0.033520
0, 0.033609
0, 0.033628
0, 0.033709
0, 0.033749
0, 0.033956
0, 0.033991
0, 0.034153
0, 0.034192
0, 0.034207
0, 0.034231
0, 0.034238
0, 0.034405
0, 0.034422
0, 0.034439
0, 0.034450
0, 0.034556
0, 0.034610
0, 0.034660
0, 0.034664
0, 0.034665
0, 0.034774
0, 0.034858
0, 0.034874
0, 0.034886
0, 0.034895
0, 0.034973
0, 0.035036
0, 0.035075
0, 0.035102
0, 0.035166
0, 0.035188
0, 0.035195
0, 0.035267
0, 0.035267
0, 0.035297
0, 0.035310
0, 0.035349
0, 0.035391
0, 0.035497
0, 0.035540
0, 0.035552
0, 0.035576
0, 0.035622
0, 0.035645
0, 0.036015
0, 0.036106
0, 0.036197
0, 0.036488
0, 0.036868
0, 0.037078
0, 0.037946
0, 0.037981
0, 0.038059
0, 0.038481
0, 0.038650
0, 0.039343
0, 0.045794
0, 0.048943
0, 0.053138
0, 0.062749
0, 0.068346
0, 0.071092
1, 0.023225
1, 0.023226
1, 0.023238
1, 0.023241
1, 0.023243
1, 0.023248
1, 0.023254
1, 0.023260
1, 0.023289
1, 0.023295
1, 0.023297
1, 0.023299
1, 0.023306
1, 0.023308
1, 0.023309
1, 0.023311
1, 0.023316
1, 0.023319
1, 0.023326
1, 0.023327
1, 0.023332
1, 0.023333
1, 0.023337
1, 0.023339
1, 0.023339
1, 0.023341
1, 0.023343
1, 0.023343
1, 0.023345
1, 0.023346
1, 0.023347
1, 0.023349
1, 0.023354
1, 0.023356
1, 0.023362
1, 0.023366
1, 0.023368
1, 0.023372
1, 0.023373
1, 0.023375
1, 0.023376
1, 0.023376
1, 0.023377
1, 0.023386
1, 0.023387
1, 0.023390
1, 0.023393
1, 0.023394
1, 0.023400
1, 0.023401
1, 0.023406
1, 0.023413
1, 0.023415
1, 0.023417
1, 0.023424
1, 0.023427
1, 0.023432
1, 0.023446
1, 0.023454
1, 0.023456
1, 0.023476
1, 0.023481
1, 0.023491
1, 0.023518
1, 0.023530
1, 0.023551
1, 0.023553
1, 0.023554
1, 0.023579
1, 0.023702
1, 0.023718
1, 0.024181
1, 0.024207
1, 0.024341
1, 0.024738
1, 0.024760
1, 0.024794
1, 0.024805
1, 0.024837
1, 0.024923
1, 0.024952
1, 0.025000
1, 0.025014
1, 0.025045
1, 0.025177
1, 0.025283
1, 0.025828
1, 0.026220
1, 0.026428
1, 0.026504
1, 0.026552
1, 0.026635
1, 0.026672
1, 0.026683
1, 0.026884
1, 0.027341
1, 0.027425
1, 0.027427
1, 0.027458
1, 0.027462
1, 0.027606
1, 0.027621
1, 0.027622
1, 0.027789
1, 0.027795
1, 0.027823
1, 0.027983
1, 0.028003
1, 0.028044
1, 0.028045
1, 0.028137
1, 0.028157
1, 0.028168
1, 0.028294
1, 0.028373
1, 0.028384
1, 0.028406
1, 0.028452
1, 0.028460
1, 0.028461
1, 0.028542
1, 0.028545
1, 0.028582
1, 0.028585
1, 0.028604
1, 0.028728
1, 0.028791
1, 0.028976
1, 0.029062
1, 0.029098
1, 0.029151
1, 0.029202
1, 0.029371
1, 0.029371
1, 0.029372
1, 0.029405
1, 0.029414
1, 0.029455
1, 0.029458
1, 0.029463
1, 0.029508
1, 0.029531
1, 0.029533
1, 0.029546
1, 0.029556
1, 0.029565
1, 0.029591
1, 0.029627
1, 0.029630
1, 0.029632
1, 0.029636
1, 0.029651
1, 0.029662
1, 0.029678
1, 0.029678
1, 0.029684
1, 0.029716
1, 0.029721
1, 0.029728
1, 0.029744
1, 0.029755
1, 0.029789
1, 0.029812
1, 0.029821
1, 0.029826
1, 0.029832
1, 0.029835
1, 0.029851
1, 0.029859
1, 0.029859
1, 0.029862
1, 0.029866
1, 0.029868
1, 0.029874
1, 0.029875
1, 0.029875
1, 0.029877
1, 0.029877
1, 0.029892
1, 0.029896
1, 0.029899
1, 0.029920
1, 0.029924
1, 0.029925
1, 0.029935
1, 0.029948
1, 0.029964
1, 0.029966
1, 0.029966
1, 0.029969
1, 0.029987
1, 0.029989
1, 0.029992
1, 0.029997
1, 0.030002
1, 0.030012
1, 0.030018
1, 0.030024
1, 0.030029
1, 0.030029
1, 0.030041
1, 0.030048
1, 0.030054
1, 0.030055
1, 0.030062
1, 0.030071
1, 0.030076
1, 0.030084
1, 0.030086
1, 0.030086
1, 0.030086
1, 0.030089
1, 0.030104
1, 0.030106
1, 0.030112
1, 0.030113
1, 0.030119
1, 0.030125
1, 0.030125
1, 0.030129
1, 0.030131
1, 0.030135
1, 0.030142
1, 0.030142
1, 0.030145
1, 0.030155
1, 0.030161
1, 0.030175
1, 0.030184
1, 0.030187
1, 0.030196
1, 0.030205
1, 0.030208
1, 0.030226
1, 0.030229
1, 0.030236
1, 0.030241
1, 0.030250
1, 0.030260
1, 0.030271
1, 0.030274
1, 0.030283
1, 0.030293
1, 0.030293
1, 0.030294
1, 0.030303
1, 0.030308
1, 0.030315
1, 0.030323
1, 0.030324
1, 0.030327
1, 0.030335
1, 0.030360
1, 0.030361
1, 0.030365
1, 0.030366
1, 0.030381
1, 0.030387
1, 0.030402
1, 0.030419
1, 0.030419
1, 0.030419
1, 0.030448
1, 0.030448
1, 0.030451
1, 0.030457
1, 0.030491
1, 0.030504
1, 0.030533
1, 0.030542
1, 0.030553
1, 0.030598
1, 0.030603
1, 0.030626
1, 0.030640
1, 0.030663
1, 0.030675
1, 0.030709
1, 0.030725
1, 0.030738
1, 0.030741
1, 0.030744
1, 0.030754
1, 0.030793
1, 0.030812
1, 0.030817
1, 0.030826
1, 0.030856
1, 0.030912
1, 0.030921
1, 0.030964
1, 0.030972
1, 0.030976
1, 0.030996
1, 0.031081
1, 0.031109
1, 0.031369
1, 0.031855
1, 0.032420
1, 0.033135
1, 0.033528
1, 0.034375
1, 0.035729
1, 0.035869
1, 0.036106
1, 0.036132
1, 0.037634
1, 0.037805
1, 0.038295
1, 0.039997
1, 0.054366
1, 0.055071
1, 0.059575
1, 0.082808
1, 0.095661
2, 0.029711
2, 0.030100
2, 0.030284
2, 0.204273
2, 0.279456
2, 0.293774
2, 0.296792
2, 0.326013
2, 0.326631
2, 0.326808
2, 0.339616
2, 0.339983
2, 0.347399
2, 0.347491
2, 0.347819
2, 0.352424
2, 0.352718
2, 0.352770
2, 0.354840
2, 0.357792
2, 0.358546
2, 0.368571
2, 0.381045
2, 0.381765
2, 0.386633
2, 0.387569
2, 0.404857
2, 0.437366
