0 0.023577
0 0.024744
0 0.026478
0 0.027521
0 0.027679
0 0.027692
0 0.027803
0 0.028407
0 0.028598
0 0.028635
0 0.029068
0 0.029090
0 0.029372
0 0.029379
0 0.029775
0 0.029882
0 0.032386
0 0.032480
0 0.033448
0 0.034371
0 0.035508
0 0.035914
0 0.035935
0 0.036202
0 0.039291
0 0.040401
0 0.041893
0 0.043836
0 0.045600
0 0.046561
0 0.046877
0 0.047891
0 0.048211
0 0.051199
0 0.052543
0 0.053169
0 0.055440
0 0.057224
0 0.058695
0 0.060277
0 0.060338
0 0.060432
0 0.060892
0 0.063464
0 0.067306
1 0.028125
1 0.028460
1 0.028710
1 0.030257
1 0.030576
1 0.030679
1 0.030717
1 0.033414
1 0.035006
1 0.036262
1 0.038030
1 0.039470
1 0.042664
1 0.043382
1 0.044331
1 0.045163
1 0.046438
1 0.046457
1 0.047601
1 0.047606
1 0.048827
1 0.050760
1 0.051570
1 0.052612
1 0.052794
1 0.053245
1 0.056506
1 0.058199
1 0.058779
1 0.058919
1 0.059161
1 0.059191
1 0.059610
1 0.059764
1 0.059789
1 0.060623
1 0.060804
1 0.062747
1 0.072977
2 0.026870
2 0.028973
2 0.028978
2 0.030531
2 0.030969
2 0.031096
2 0.031440
2 0.031595
2 0.031712
2 0.032490
2 0.032555
2 0.032937
2 0.032943
2 0.033108
2 0.033159
2 0.033329
2 0.033702
2 0.034171
2 0.035160
2 0.035587
2 0.035623
2 0.035691
2 0.035718
2 0.035790
2 0.035796
2 0.035884
2 0.036296
2 0.036447
2 0.036844
2 0.036931
2 0.037497
2 0.040691
2 0.043270
2 0.047237
2 0.049345
2 0.049753
2 0.053926
2 0.054142
2 0.055319
2 0.056439
2 0.057555
2 0.070919
2 0.079063
2 0.081968
2 0.084694
