2 0.094280
2 0.128296
2 0.110612
2 0.121565
2 0.095118
2 0.110301
2 0.128250
2 0.101162
2 0.124004
2 0.118572
2 0.140937
2 0.181941
2 0.089466
2 0.122050
2 0.122671
2 0.093111
2 0.096340
2 0.121568
2 0.110915
2 0.136236
2 0.093466
2 0.095110
2 0.118435
2 0.117766
2 0.119155
2 0.124715
2 0.102812
2 0.115980
2 0.146350
2 0.086909
2 0.118041
2 0.104370
2 0.123469
2 0.117292
2 0.112810
2 0.101499
2 0.100637
2 0.095515
2 0.135195
2 0.129059
2 0.119465
2 0.101498
2 0.106414
2 0.126934
2 0.113611
2 0.118329
2 0.135805
2 0.102320
2 0.119422
2 0.111407
2 0.122830
2 0.134137
2 0.095770
2 0.114309
2 0.083444
2 0.112616
2 0.077017
2 0.114621
2 0.097617
2 0.143045
2 0.104947
2 0.127474
2 0.117956
2 0.114018
2 0.134178
2 0.107949
2 0.126764
2 0.103494
2 0.123592
2 0.121865
2 0.123837
2 0.131605
2 0.116248
2 0.119865
2 0.121503
0 0.034906
0 0.028603
0 0.027361
0 0.029898
0 0.029806
0 0.029707
0 0.027064
0 0.025845
0 0.029639
0 0.029716
0 0.029730
0 0.029793
0 0.029990
0 0.025638
0 0.023301
0 0.023295
0 0.023415
0 0.023307
0 0.023268
0 0.023258
0 0.023264
0 0.023640
0 0.031262
0 0.030049
0 0.030004
0 0.029800
0 0.030060
0 0.030795
0 0.027033
0 0.025694
0 0.029930
0 0.029930
0 0.029779
0 0.029642
0 0.029604
0 0.026549
0 0.026467
0 0.027836
0 0.030044
0 0.048424
0 0.043273
0 0.077161
0 0.040227
0 0.052232
0 0.059956
0 0.027389
0 0.027619
0 0.042751
0 0.040215
0 0.027239
0 0.033869
0 0.042573
0 0.038203
0 0.040513
0 0.036741
0 0.042956
0 0.026196
0 0.031136
0 0.032702
0 0.031119
0 0.031052
0 0.034068
0 0.040030
0 0.040652
0 0.039856
0 0.036117
0 0.040466
0 0.036772
0 0.044328
0 0.038374
0 0.038695
0 0.037716
0 0.034312
0 0.028517
0 0.032382
0 0.031105
0 0.032654
0 0.029623
0 0.036179
0 0.043238
0 0.038693
0 0.039967
0 0.041252
0 0.033150
0 0.041548
0 0.040882
0 0.040271
0 0.040848
0 0.030628
0 0.034391
0 0.043546
0 0.039609
0 0.042946
0 0.033962
0 0.044129
0 0.041408
0 0.040054
0 0.041758
0 0.035160
0 0.028998
0 0.029100
0 0.033421
0 0.038486
0 0.042319
0 0.037162
0 0.029214
0 0.040794
0 0.042714
0 0.035206
0 0.039149
0 0.039390
0 0.040957
0 0.037705
0 0.037739
0 0.039826
0 0.037390
0 0.042954
0 0.028450
0 0.028498
0 0.029504
0 0.031027
0 0.030989
0 0.039466
0 0.041735
0 0.040895
0 0.036767
0 0.041382
0 0.037864
0 0.042936
0 0.037654
0 0.039894
0 0.032304
0 0.037679
0 0.039584
0 0.042057
0 0.037865
0 0.034262
0 0.033300
0 0.037875
0 0.039515
0 0.044868
0 0.037511
0 0.042546
0 0.034382
0 0.040472
0 0.040098
0 0.039758
0 0.032589
0 0.041498
0 0.045562
0 0.035027
0 0.034411
0 0.031195
0 0.031756
0 0.043685
0 0.042134
0 0.037282
0 0.040835
0 0.035454
0 0.034786
0 0.037229
0 0.033752
0 0.039772
0 0.041020
0 0.043721
0 0.035664
0 0.035995
0 0.044905
0 0.034332
0 0.035503
0 0.041948
0 0.039496
0 0.039274
0 0.030810
0 0.027529
0 0.032075
0 0.028935
0 0.035229
0 0.029028
0 0.031724
0 0.029026
0 0.028793
0 0.033822
0 0.034209
0 0.023149
0 0.036909
0 0.035608
0 0.039506
0 0.034923
0 0.045698
0 0.039620
0 0.036021
0 0.042220
0 0.039449
0 0.033653
0 0.042681
0 0.042334
0 0.034906
0 0.039366
0 0.045630
0 0.038918
0 0.034369
0 0.034870
0 0.037258
0 0.039736
0 0.040113
0 0.040010
0 0.039403
0 0.038569
0 0.035080
0 0.046324
0 0.035404
0 0.037083
0 0.042822
0 0.030846
0 0.041041
0 0.036550
0 0.043724
0 0.033164
0 0.040105
0 0.040278
0 0.035408
0 0.042287
0 0.036887
0 0.042191
0 0.038305
0 0.036524
0 0.037607
0 0.040334
0 0.040251
0 0.039445
0 0.040293
0 0.035267
0 0.039261
0 0.038037
0 0.044039
0 0.030893
0 0.039958
0 0.043336
0 0.037425
0 0.037509
1 0.028390
1 0.038514
1 0.038496
1 0.037737
1 0.043828
1 0.031587
1 0.039189
1 0.036059
1 0.044793
1 0.038057
1 0.033307
1 0.034136
1 0.027076
1 0.033897
1 0.030448
1 0.030641
1 0.033335
1 0.034954
1 0.044009
1 0.036509
1 0.041553
1 0.041333
1 0.030320
1 0.038248
1 0.045500
1 0.038974
1 0.041545
1 0.029036
1 0.030511
1 0.043166
1 0.035507
1 0.052675
1 0.045636
1 0.064782
1 0.049210
1 0.060680
1 0.023279
1 0.023242
1 0.023523
1 0.027355
1 0.029753
1 0.028091
1 0.023318
1 0.026138
1 0.030287
1 0.030009
1 0.030149
1 0.029966
1 0.029650
1 0.030012
1 0.025790
1 0.023254
1 0.023280
1 0.023317
1 0.023385
1 0.023275
1 0.023322
1 0.023343
1 0.026555
1 0.030004
1 0.029550
1 0.030160
1 0.029794
1 0.030346
1 0.029792
1 0.027088
1 0.029660
1 0.030257
1 0.030270
1 0.029900
1 0.029981
1 0.029467
1 0.025179
1 0.023339
1 0.023301
1 0.023338
1 0.023279
1 0.023302
1 0.023207
1 0.023265
1 0.027825
1 0.029873
1 0.029852
1 0.029919
1 0.029519
1 0.029875
1 0.029955
1 0.025427
1 0.030111
1 0.030140
1 0.029734
1 0.030001
1 0.029854
1 0.029242
1 0.027253
1 0.027000
1 0.029948
1 0.029710
1 0.029785
1 0.030275
1 0.029144
1 0.029952
1 0.030350
1 0.030078
1 0.031784
1 0.031025
1 0.029972
1 0.026053
1 0.023266
1 0.023316
1 0.023238
1 0.023271
1 0.026903
1 0.030041
1 0.029516
1 0.024599
1 0.026988
1 0.030629
1 0.029907
1 0.029541
1 0.029997
1 0.029835
1 0.025974
1 0.029835
1 0.030120
1 0.029977
1 0.030212
1 0.030316
1 0.028891
1 0.029631
1 0.029762
1 0.029612
1 0.023309
1 0.023244
1 0.023270
1 0.023284
1 0.023358
1 0.024558
1 0.028139
1 0.030111
1 0.029615
1 0.030112
1 0.030258
1 0.027273
1 0.029839
1 0.029968
1 0.030083
1 0.030085
1 0.029997
1 0.029960
1 0.025340
1 0.029895
1 0.029759
1 0.029784
1 0.029990
1 0.029902
1 0.030307
1 0.023865
1 0.024691
1 0.030294
1 0.030198
1 0.029920
1 0.030364
1 0.030101
1 0.028981
1 0.029953
1 0.029885
1 0.030031
1 0.030029
1 0.029598
1 0.027846
1 0.028941
1 0.030094
1 0.029761
1 0.029948
1 0.029915
1 0.029900
1 0.026406
1 0.023429
1 0.028178
1 0.030034
1 0.030143
1 0.029685
1 0.029116
1 0.030002
1 0.029792
1 0.030013
1 0.024144
1 0.026634
1 0.029684
1 0.027275
1 0.028416
1 0.029750
1 0.029639
1 0.029986
1 0.029876
1 0.030215
1 0.029961
1 0.028406
1 0.031048
1 0.027434
1 0.029893
1 0.030151
1 0.030153
1 0.030561
1 0.023886
1 0.023272
1 0.023305
1 0.023281
1 0.023232
1 0.023299
1 0.023271
1 0.023255
1 0.023378
1 0.023266
1 0.023214
1 0.023255
1 0.023244
1 0.024345
1 0.023278
1 0.023233
1 0.023232
1 0.025713
1 0.030991
1 0.026628
1 0.029788
1 0.030244
1 0.029749
1 0.030264
1 0.029220
1 0.029853
1 0.030050
1 0.030240
1 0.030052
1 0.029747
1 0.028913
1 0.028282
1 0.029924
1 0.030003
1 0.029900
1 0.029649
1 0.029876
1 0.027537
1 0.028310
1 0.031099
1 0.027850
1 0.029864
1 0.030100
1 0.030692
1 0.029263
1 0.030140
1 0.029624
1 0.029857
1 0.029481
1 0.030161
1 0.029590
1 0.026637
1 0.029821
1 0.029696
1 0.030111
1 0.027223
1 0.029916
1 0.029794
1 0.029075
1 0.031212
1 0.025287
1 0.029307
1 0.029932
1 0.030064
1 0.028716
1 0.030015
1 0.029801
1 0.029546
1 0.029685
1 0.030343
1 0.030131
1 0.029017
1 0.030224
1 0.029945
1 0.031907
1 0.029900
1 0.029610
1 0.029906
1 0.026531
1 0.029590
1 0.030933
1 0.029889
1 0.029682
1 0.029309
1 0.030424
1 0.029980
1 0.029887
1 0.030135
1 0.029945
1 0.030024
