0 0.059143
0 0.053474
0 0.039236
0 0.029963
0 0.029029
0 0.029515
0 0.030430
0 0.030568
0 0.030355
0 0.029998
0 0.030424
0 0.030584
0 0.030185
0 0.029175
0 0.030331
0 0.030371
0 0.030060
0 0.030020
0 0.030158
0 0.029962
0 0.030487
0 0.030021
0 0.027541
0 0.030234
0 0.030276
0 0.030225
0 0.030072
0 0.030262
0 0.030343
0 0.029552
0 0.030176
0 0.034055
0 0.030146
0 0.030282
0 0.042378
0 0.090121
0 0.062020
0 0.049510
0 0.057320
0 0.039011
0 0.027925
0 0.028854
0 0.030268
0 0.030431
0 0.030264
0 0.030301
0 0.030369
0 0.030169
0 0.030347
0 0.023306
0 0.023390
0 0.023244
0 0.027893
0 0.029839
0 0.030355
0 0.030375
0 0.030261
0 0.030459
0 0.029314
0 0.030382
0 0.030168
0 0.030620
0 0.030398
0 0.030446
0 0.030056
0 0.028472
0 0.023430
0 0.023397
0 0.023448
0 0.023444
0 0.023381
0 0.023384
0 0.023363
0 0.023335
0 0.023366
0 0.026658
0 0.030681
0 0.030365
0 0.029085
0 0.025211
0 0.031656
0 0.033012
0 0.030236
0 0.030355
0 0.030602
0 0.030541
0 0.030473
0 0.030505
0 0.030487
0 0.030742
0 0.030452
0 0.030701
0 0.027606
0 0.030667
0 0.030381
0 0.026980
0 0.023377
0 0.029677
0 0.030480
0 0.023686
0 0.029690
0 0.030599
0 0.030764
0 0.030324
0 0.030586
0 0.029484
0 0.030226
0 0.030642
0 0.030641
0 0.030161
0 0.032831
0 0.030573
0 0.025409
0 0.023340
0 0.023336
0 0.023310
0 0.023383
0 0.030396
0 0.030245
0 0.028198
0 0.030088
0 0.029937
0 0.030226
0 0.030469
0 0.030030
0 0.030244
0 0.030295
0 0.027222
0 0.030258
0 0.030222
0 0.030268
0 0.030338
0 0.030341
0 0.030031
0 0.030114
0 0.027674
0 0.029050
0 0.030108
0 0.030366
0 0.030260
0 0.030055
0 0.030368
0 0.030214
0 0.030244
0 0.023847
0 0.027268
0 0.030133
0 0.030264
0 0.030062
0 0.030282
0 0.030313
0 0.030249
0 0.029743
0 0.030058
0 0.029253
0 0.023652
0 0.030426
0 0.030001
0 0.030196
0 0.030171
0 0.030664
0 0.025862
0 0.030320
0 0.030168
0 0.030665
0 0.030028
0 0.030209
0 0.029863
0 0.030175
0 0.027677
0 0.030287
0 0.030514
0 0.030357
0 0.030064
0 0.030413
0 0.030353
0 0.030266
0 0.028206
0 0.029792
0 0.030291
0 0.028314
0 0.027346
0 0.030296
0 0.030321
0 0.030281
0 0.030425
0 0.030556
0 0.025374
0 0.025457
0 0.030266
0 0.030294
0 0.030343
0 0.030146
0 0.030249
0 0.026528
0 0.030408
0 0.030356
0 0.030086
0 0.029015
0 0.030412
0 0.030489
0 0.023588
0 0.023254
0 0.023326
0 0.023246
0 0.023242
0 0.023290
0 0.023230
0 0.023347
0 0.023224
0 0.027200
0 0.030209
0 0.030297
0 0.030441
0 0.030487
0 0.030338
0 0.026074
0 0.030111
0 0.037807
0 0.035295
0 0.033438
0 0.026344
0 0.027871
0 0.039336
0 0.042074
0 0.036738
0 0.037723
0 0.031204
0 0.032857
0 0.033325
0 0.041338
0 0.037493
0 0.036973
0 0.038199
0 0.036975
0 0.030737
0 0.038703
0 0.038231
0 0.037634
0 0.035005
0 0.038044
0 0.037061
0 0.039264
0 0.039481
0 0.039217
0 0.038452
0 0.040683
0 0.034174
0 0.031968
0 0.036552
0 0.038075
0 0.039213
0 0.041627
0 0.033384
0 0.037019
0 0.031900
0 0.037622
0 0.037790
0 0.041318
0 0.040200
0 0.034734
0 0.033291
0 0.034414
0 0.038431
0 0.035589
0 0.028259
0 0.035984
0 0.023230
0 0.032308
0 0.028469
0 0.041901
0 0.024830
0 0.034023
0 0.032523
0 0.028716
0 0.039151
0 0.036808
0 0.026412
0 0.032716
0 0.037673
2 0.027345
2 0.031320
2 0.026891
2 0.029243
2 0.085025
2 0.155735
2 0.136389
2 0.160147
2 0.129525
2 0.165272
2 0.122763
2 0.126107
2 0.223448
2 0.137792
2 0.139645
2 0.136809
2 0.150468
2 0.150898
2 0.106550
2 0.122638
2 0.132076
2 0.140316
2 0.135979
2 0.164657
2 0.119509
2 0.154340
2 0.141654
2 0.152428
2 0.109252
2 0.145272
2 0.138685
2 0.147394
2 0.138933
2 0.140419
2 0.135363
2 0.154278
2 0.138941
2 0.147147
2 0.136610
2 0.148682
2 0.144897
2 0.142827
2 0.148798
2 0.129636
2 0.131925
2 0.128820
2 0.145556
2 0.107804
2 0.144804
2 0.122030
2 0.152965
2 0.151729
2 0.104345
2 0.167577
2 0.107103
2 0.163108
2 0.135834
2 0.136817
2 0.145305
2 0.144535
2 0.139983
2 0.131366
2 0.110952
2 0.120114
2 0.133753
2 0.126795
1 0.046091
1 0.052623
1 0.050743
1 0.038816
1 0.037527
1 0.037478
1 0.037860
1 0.039171
1 0.040078
1 0.039218
1 0.036814
1 0.038342
1 0.039896
1 0.037132
1 0.039398
1 0.040970
1 0.041655
1 0.032874
1 0.036160
1 0.039331
1 0.042390
1 0.036329
1 0.039906
1 0.033610
1 0.039909
1 0.038844
1 0.040243
1 0.034585
1 0.033041
1 0.033049
1 0.049189
1 0.078176
1 0.042607
1 0.055815
1 0.034189
1 0.035664
1 0.038348
1 0.038350
1 0.040002
1 0.040211
1 0.035309
1 0.037402
1 0.028470
1 0.028145
1 0.037300
1 0.041476
1 0.040313
1 0.036664
1 0.039783
1 0.039858
1 0.035816
1 0.040085
1 0.041433
1 0.033017
1 0.037806
1 0.033228
1 0.028577
1 0.026343
1 0.028320
1 0.033360
1 0.026837
1 0.027248
1 0.040908
1 0.035505
1 0.038592
1 0.035373
1 0.036358
1 0.041044
1 0.042252
1 0.039318
1 0.033695
1 0.044419
1 0.035022
1 0.037731
1 0.035507
1 0.033405
1 0.040953
1 0.037693
1 0.037461
1 0.033047
1 0.040122
1 0.023421
1 0.042713
1 0.035245
1 0.040428
1 0.037858
1 0.038664
1 0.038143
1 0.037717
1 0.037158
1 0.034917
1 0.038214
1 0.028305
1 0.031092
1 0.030810
1 0.037098
1 0.039235
1 0.033852
1 0.038963
1 0.041617
1 0.035353
1 0.043235
1 0.034540
1 0.037160
1 0.037363
1 0.042834
1 0.038149
1 0.038255
1 0.034406
1 0.040214
1 0.035108
1 0.041312
1 0.039437
1 0.038541
1 0.036771
1 0.041884
1 0.030416
1 0.034876
1 0.039023
1 0.040359
1 0.039385
1 0.036068
1 0.042041
1 0.034430
1 0.037943
1 0.028907
1 0.046654
1 0.034211
1 0.040869
1 0.036977
1 0.036062
1 0.037480
1 0.039976
1 0.040308
1 0.037438
1 0.041133
1 0.030586
1 0.042082
1 0.035298
1 0.039481
1 0.040063
1 0.041326
1 0.033873
1 0.040065
1 0.037777
1 0.035157
1 0.040163
1 0.035861
1 0.037890
1 0.040694
1 0.030572
1 0.036557
1 0.037717
1 0.039957
1 0.038016
1 0.036384
1 0.035441
1 0.042727
1 0.039571
1 0.034631
1 0.040235
1 0.030842
1 0.031117
1 0.030559
1 0.023365
1 0.027712
1 0.035219
1 0.027700
1 0.034682
1 0.035173
1 0.040087
1 0.040408
1 0.038006
1 0.037714
1 0.030502
1 0.030006
1 0.031983
1 0.023317
1 0.023264
1 0.023409
1 0.028263
1 0.030669
1 0.030384
1 0.030488
1 0.029889
1 0.027028
1 0.023230
1 0.023770
1 0.027742
1 0.030701
1 0.030482
1 0.030246
1 0.030722
1 0.030431
1 0.030941
1 0.026622
1 0.023470
1 0.029608
1 0.033015
1 0.030566
1 0.030510
1 0.030540
1 0.030684
1 0.029897
1 0.030279
1 0.030580
1 0.030803
1 0.030889
1 0.030456
1 0.030511
1 0.030575
1 0.030775
1 0.024107
1 0.028945
1 0.030544
1 0.030576
1 0.030587
1 0.030510
1 0.029925
1 0.030542
1 0.026399
1 0.030157
1 0.030755
1 0.030837
1 0.030675
1 0.030422
1 0.030885
1 0.030204
1 0.029040
1 0.023374
1 0.030751
1 0.030315
1 0.029090
1 0.023985
1 0.023373
1 0.023597
1 0.023380
1 0.023452
1 0.023370
1 0.028075
1 0.024857
1 0.026441
1 0.026972
1 0.023268
1 0.024618
1 0.027153
1 0.029126
1 0.030130
1 0.023240
1 0.023563
1 0.025795
1 0.030132
