0 0.026858
0 0.027283
0 0.027751
0 0.028006
0 0.030266
0 0.030879
0 0.031524
0 0.031952
0 0.032311
0 0.032553
0 0.033388
0 0.033506
0 0.034126
0 0.034388
0 0.034763
0 0.035231
0 0.035339
0 0.035404
0 0.035510
0 0.036054
0 0.036306
0 0.036422
0 0.036426
0 0.036579
0 0.037083
0 0.038626
0 0.044706
0 0.045619
0 0.048006
0 0.048074
0 0.048187
0 0.051172
0 0.051327
0 0.069447
1 0.026755
1 0.027420
1 0.027641
1 0.029098
1 0.029213
1 0.031047
1 0.031109
1 0.031428
1 0.031829
1 0.033418
1 0.033517
1 0.033634
1 0.033841
1 0.034166
1 0.036655
1 0.037089
1 0.038410
1 0.042499
1 0.043489
1 0.043946
1 0.046597
1 0.048024
1 0.048463
1 0.050025
1 0.050059
1 0.050320
1 0.050349
1 0.050372
1 0.051423
1 0.051540
1 0.056322
1 0.057617
1 0.059557
2 0.025473
2 0.026472
2 0.028808
2 0.030526
2 0.031122
2 0.032816
2 0.033617
2 0.036403
2 0.038118
2 0.041605
2 0.047187
2 0.047531
2 0.053908
2 0.054175
2 0.054300
2 0.055553
2 0.055736
2 0.057688
2 0.058346
2 0.060887
2 0.061131
2 0.061481
2 0.062537
2 0.063086
2 0.065315
2 0.065636
2 0.066300

